25 541
26 542
27 495
27 496
27 503
27 507
27 508
27 511
27 516
27 519
27 524
27 527
27 532
27 535
27 540
27 543
27 548
28 598
29 597
30 575
30 578
30 583
30 588
30 591
30 596
30 599
30 604
31 35
31 46
31 53
31 99
31 107
31 115
31 131
31 147
31 155
31 163
31 171
31 179
31 198
31 201
31 203
31 205
31 208
31 211
31 214
31 217
31 219
31 221
31 299
31 307
31 314
31 506
31 556
31 605
31 613
31 621
31 622
31 623
31 624
31 625
31 626
31 627
31 628
31 629
31 630
31 631
31 632
31 633
31 634
31 635
31 636
31 637
31 638
31 639
31 640
31 641
31 642
31 643
31 644
31 646
31 649
31 651
31 654
31 657
31 659
31 662
31 665
31 667
31 670
31 678
31 686
31 694
31 702
31 710
31 713
31 716
31 717
31 720
31 724
31 732
31 782
31 795
31 798
31 800
31 804
31 806
31 809
31 811
31 813
31 817
31 819
31 822
31 825
31 826
31 830
31 833
31 834
31 841
31 861
31 862
31 863
31 864
31 865
31 866
31 867
31 868
31 869
31 870
31 871
31 872
31 873
31 874
31 875
31 876
31 877
31 878
31 879
31 880
31 881
31 882
31 883
31 884
31 885
31 886
31 887
31 888
31 889
31 890
31 891
31 892
31 893
31 894
31 895
31 896
31 897
31 898
31 899
31 900
31 901
31 902
31 903
31 904
31 905
31 906
31 907
31 908
31 909
31 910
31 911
31 912
31 913
31 914
31 915
31 916
31 917
31 922
31 924
31 925
31 933
31 941
31 1061
31 1065
31 1067
31 1069
31 1078
31 1093
31 1096
31 1099
31 1107
31 1142
31 1146
31 1148
31 1155
32 33
32 614
32 615
32 616
34 36
34 701
34 703
34 706
37 766
37 773
38 774
39 775
39 778
40 789
40 794
41 781
41 783
41 784
41 790
41 793
42 791
42 792
42 796
43 797
43 799
43 801
43 802
43 803
43 805
43 807
43 808
43 810
43 812
43 814
43 815
43 816
43 818
43 820
43 821
43 823
43 824
43 827
43 828
43 829
43 831
43 832
43 835
43 836
43 837
43 843
43 845
43 853
44 854
45 855
45 856
47 48
47 942
47 943
47 944
49 1054
50 1053
51 983
51 986
51 991
51 996
51 999
51 1004
51 1007
51 1012
51 1015
51 1020
51 1023
51 1028
51 1031
51 1036
51 1039
51 1044
51 1047
51 1052
51 1055
51 1060
52 54
52 1070
52 1071
52 1072
55 1134
56 1133
57 1087
57 1088
57 1094
57 1095
57 1097
57 1098
57 1100
57 1103
57 1106
57 1108
57 1111
57 1116
57 1119
57 1124
57 1127
57 1132
57 1135
57 1140
58 1198
59 1197
60 1175
60 1176
60 1183
60 1188
60 1191
60 1196
60 1199
60 1204
61 70
63 64
69 78
71 72
77 86
79 80
87 88
93 98
93 102
93 105
93 109
93 114
93 118
93 125
93 130
93 134
93 141
93 146
93 150
93 153
93 157
93 162
93 166
93 169
94 97
94 101
94 106
94 110
94 113
95 96
95 100
95 103
95 104
95 108
95 111
95 112
95 116
117 126
117 129
119 120
119 127
119 128
119 132
133 142
133 145
133 149
133 154
133 158
133 161
135 136
135 143
135 144
135 148
135 151
135 152
135 156
135 159
135 160
135 164
165 170
165 174
165 177
167 168
167 172
173 178
173 182
175 176
175 180
181 190
183 184
191 192
197 199
197 200
197 202
197 204
197 206
197 207
197 209
197 210
197 212
197 213
197 215
197 216
197 218
197 220
197 225
197 227
222 223
222 226
222 229
224 228
230 237
231 234
238 245
239 242
246 253
247 250
254 261
255 258
263 266
263 271
263 276
263 279
263 284
285 294
285 297
285 301
285 304
285 309
285 312
286 293
286 296
286 302
286 305
286 310
286 313
287 292
287 295
287 298
287 300
287 303
287 306
287 308
287 311
287 315
287 316
287 319
287 324
287 327
287 332
290 323
291 322
326 334
326 342
326 350
326 358
335 338
343 346
351 354
359 362
367 372
367 375
367 380
383 388
383 391
383 396
383 399
383 404
383 407
383 412
383 415
383 420
383 423
383 428
383 431
383 436
383 439
383 444
383 447
383 452
454 462
454 470
454 478
455 458
463 466
471 474
479 482
485 493
487 488
501 504
502 505
549 552
550 553
550 557
551 554
551 555
558 565
559 562
566 573
566 585
567 570
574 584
606 607
606 608
609 611
610 612
617 619
618 620
645 647
645 648
645 650
645 652
645 653
645 655
645 656
645 658
645 660
645 661
645 663
645 664
645 666
645 668
645 672
645 676
669 671
669 674
669 680
669 684
673 675
677 679
677 682
681 683
685 687
685 690
685 696
685 700
688 692
689 691
693 695
693 698
693 704
693 708
697 699
705 707
709 711
709 712
709 714
709 715
709 718
709 719
709 721
709 722
709 723
709 725
709 728
726 729
726 733
727 730
727 731
734 741
735 738
742 749
743 746
750 757
751 754
758 765
759 762
767 770
785 787
786 788
838 844
839 840
839 842
846 857
847 848
847 859
918 919
918 920
918 921
918 923
918 929
918 931
926 927
926 928
926 937
926 939
930 932
934 935
934 936
938 940
945 947
946 948
950 958
950 966
950 974
950 982
950 992
951 954
959 962
965 976
967 970
967 980
975 978
981 993
1062 1063
1062 1064
1062 1066
1062 1068
1062 1073
1062 1075
1074 1076
1077 1079
1077 1080
1077 1086
1081 1083
1082 1084
1101 1104
1102 1105
1141 1143
1141 1144
1141 1145
1141 1147
1141 1150
1141 1153
1149 1154
1149 1158
1151 1152
1151 1156
1157 1166
1159 1160
1165 1174
1167 1168
