43 2357
43 2366
43 2373
43 2378
43 2382
43 2385
43 2389
43 2394
43 2398
43 2401
43 2405
43 2410
43 2414
43 2417
43 2421
43 2426
43 2430
43 2433
44 2429
44 2434
45 2431
45 2432
45 2436
46 2534
46 2541
46 2544
46 2550
46 2553
46 2557
46 2560
46 2566
46 2569
46 2573
46 2576
46 2582
46 2585
46 2589
46 2592
47 2590
47 2593
48 2591
48 2594
48 2595
49 2613
50 2605
50 2614
51 2615
51 2616
52 2670
53 2662
53 2669
54 2671
54 2674
55 2822
55 2829
55 2838
55 2841
55 2845
55 2848
55 2854
55 2857
55 2861
55 2864
56 2862
56 2865
57 2863
57 2866
57 2867
58 2942
59 2917
59 2933
59 2941
60 2943
60 2944
61 2950
62 2949
63 2951
63 2956
64 3149
64 3165
65 3150
65 3166
66 3063
66 3064
66 3068
66 3071
66 3076
66 3079
66 3084
66 3087
66 3092
66 3095
66 3100
66 3103
66 3108
66 3111
66 3116
66 3119
66 3124
66 3127
66 3132
66 3135
66 3140
66 3143
66 3148
66 3151
66 3156
66 3159
66 3164
66 3167
66 3172
67 3222
67 3238
67 3254
68 3221
68 3237
68 3253
69 3175
69 3180
69 3183
69 3188
69 3191
69 3196
69 3199
69 3204
69 3207
69 3212
69 3215
69 3220
69 3223
69 3228
69 3231
69 3236
69 3239
69 3244
69 3247
69 3252
69 3255
69 3260
70 3405
71 3397
71 3406
72 3407
72 3408
73 3445
74 3437
74 3439
74 3442
74 3446
75 3447
75 3448
76 3617
76 3622
77 3561
77 3570
77 3577
77 3582
77 3586
77 3589
77 3593
77 3598
77 3602
77 3605
77 3609
77 3614
77 3618
77 3621
78 3619
78 3620
78 3624
79 3762
80 3754
80 3761
81 3763
81 3766
82 3897
82 3913
82 3929
83 3898
83 3914
83 3930
84 3835
84 3836
84 3843
84 3848
84 3851
84 3856
84 3859
84 3864
84 3867
84 3872
84 3875
84 3880
84 3883
84 3888
84 3891
84 3896
84 3899
84 3904
84 3907
84 3912
84 3915
84 3920
84 3923
84 3928
84 3931
84 3936
85 87
85 4042
85 4043
85 4044
86 97
86 98
86 99
86 100
86 101
86 102
86 103
86 104
86 105
86 106
86 107
86 108
86 109
86 110
86 111
86 112
86 113
86 114
86 115
86 116
86 117
86 118
86 119
86 120
86 121
86 122
86 123
86 124
86 125
86 126
86 127
86 128
86 129
86 130
86 131
86 132
86 133
86 134
86 135
86 136
86 137
86 138
86 139
86 140
86 141
86 142
86 143
86 144
86 145
86 146
86 147
86 148
86 149
86 150
86 151
86 152
86 153
86 154
86 155
86 156
86 157
86 158
86 159
86 160
86 161
86 162
86 163
86 164
86 165
86 166
86 167
86 168
86 169
86 170
86 171
86 172
86 173
86 174
86 175
86 176
86 177
86 178
86 179
86 180
86 181
86 182
86 183
86 184
86 185
86 186
86 187
86 188
86 189
86 190
86 191
86 192
86 193
86 197
86 199
86 207
86 241
86 242
86 243
86 244
86 245
86 246
86 247
86 248
86 249
86 250
86 251
86 252
86 253
86 254
86 255
86 256
86 257
86 258
86 259
86 260
86 261
86 262
86 263
86 264
86 265
86 266
86 267
86 268
86 269
86 270
86 271
86 272
86 273
86 274
86 275
86 276
86 277
86 278
86 279
86 280
86 281
86 282
86 283
86 284
86 285
86 286
86 287
86 288
86 289
86 290
86 291
86 292
86 293
86 294
86 295
86 296
86 297
86 298
86 299
86 300
86 301
86 302
86 303
86 304
86 305
86 306
86 307
86 308
86 309
86 310
86 311
86 312
86 313
86 314
86 315
86 316
86 317
86 318
86 319
86 320
86 322
86 325
86 327
86 329
86 344
86 553
86 554
86 555
86 556
86 557
86 558
86 559
86 560
86 561
86 562
86 563
86 564
86 565
86 566
86 567
86 568
86 569
86 570
86 571
86 572
86 573
86 574
86 575
86 576
86 577
86 578
86 579
86 580
86 581
86 582
86 583
86 584
86 585
86 586
86 587
86 588
86 589
86 590
86 591
86 592
86 593
86 594
86 595
86 596
86 597
86 598
86 599
86 600
86 601
86 602
86 603
86 604
86 605
86 606
86 607
86 608
86 609
86 610
86 611
86 612
86 613
86 614
86 615
86 616
86 617
86 618
86 619
86 620
86 621
86 622
86 623
86 624
86 625
86 626
86 627
86 628
86 629
86 630
86 631
86 632
86 633
86 634
86 635
86 636
86 637
86 638
86 639
86 640
86 641
86 642
86 643
86 644
86 645
86 646
86 647
86 648
86 650
86 652
86 656
86 658
86 666
86 680
86 713
86 714
86 715
86 716
86 717
86 718
86 719
86 720
86 721
86 722
86 723
86 724
86 725
86 726
86 727
86 728
86 729
86 730
86 731
86 732
86 733
86 734
86 735
86 736
86 737
86 738
86 739
86 740
86 741
86 742
86 743
86 744
86 745
86 746
86 747
86 748
86 749
86 750
86 751
86 752
86 753
86 754
86 755
86 756
86 757
86 758
86 759
86 760
86 761
86 762
86 763
86 764
86 765
86 766
86 767
86 768
86 769
86 770
86 771
86 772
86 773
86 774
86 775
86 776
86 777
86 778
86 779
86 780
86 781
86 782
86 783
86 784
86 785
86 786
86 787
86 788
86 789
86 790
86 791
86 792
86 793
86 794
86 795
86 796
86 797
86 798
86 799
86 800
86 801
86 802
86 803
86 804
86 805
86 806
86 807
86 808
86 809
86 810
86 811
86 812
86 813
86 814
86 815
86 816
86 817
86 821
86 823
86 831
86 1035
86 1147
86 1179
86 1187
86 1195
86 1203
86 1212
86 1363
86 1371
86 1379
86 1387
86 1397
86 1401
86 1403
86 1406
86 1409
86 1410
86 1413
86 1417
86 1419
86 1426
86 1433
86 1441
86 1449
86 1457
86 1465
86 1473
86 1481
86 1489
86 1497
86 1505
86 1513
86 1539
86 1579
86 1587
86 1595
86 1603
86 1611
86 1789
86 1790
86 1791
86 1792
86 1793
86 1794
86 1795
86 1796
86 1797
86 1798
86 1799
86 1800
86 1801
86 1802
86 1803
86 1804
86 1805
86 1806
86 1807
86 1808
86 1809
86 1810
86 1811
86 1812
86 1813
86 1814
86 1815
86 1816
86 1817
86 1818
86 1819
86 1820
86 1821
86 1822
86 1823
86 1824
86 1825
86 1826
86 1827
86 1828
86 1829
86 1830
86 1831
86 1832
86 1833
86 1834
86 1835
86 1836
86 1837
86 1838
86 1839
86 1840
86 1841
86 1842
86 1843
86 1844
86 1845
86 1846
86 1847
86 1848
86 1849
86 1850
86 1851
86 1852
86 1853
86 1854
86 1855
86 1856
86 1857
86 1858
86 1859
86 1860
86 1861
86 1862
86 1863
86 1864
86 1865
86 1866
86 1867
86 1868
86 1869
86 1870
86 1871
86 1872
86 1873
86 1874
86 1875
86 1876
86 1877
86 1878
86 1879
86 1880
86 1881
86 1882
86 1883
86 1884
86 1885
86 1886
86 1887
86 1888
86 1889
86 1890
86 1891
86 1892
86 1893
86 1894
86 1895
86 1896
86 1897
86 1898
86 1899
86 1900
86 1901
86 1902
86 1903
86 1904
86 1905
86 1906
86 1907
86 1908
86 1909
86 1913
86 1915
86 1924
86 1964
86 1980
86 1988
86 1996
86 2004
86 2012
86 2020
86 2171
86 2211
86 2219
86 2227
86 2379
86 2387
86 2395
86 2403
86 2411
86 2419
86 2427
86 2435
86 2438
86 2441
86 2443
86 2445
86 2448
86 2451
86 2454
86 2457
86 2459
86 2461
86 2464
86 2467
86 2475
86 2483
86 2548
86 2556
86 2564
86 2572
86 2580
86 2588
86 2596
86 2678
86 2681
86 2683
86 2685
86 2688
86 2691
86 2694
86 2697
86 2699
86 2702
86 2705
86 2707
86 2710
86 2718
86 2721
86 2723
86 2726
86 2729
86 2731
86 2734
86 2737
86 2739
86 2742
86 2745
86 2747
86 2750
86 2753
86 2755
86 2758
86 2761
86 2763
86 2766
86 2769
86 2771
86 2774
86 2777
86 2779
86 2781
86 2796
86 2844
86 2852
86 2860
86 2868
86 2896
86 3019
86 3027
86 3035
86 3043
86 3051
86 3059
86 3067
86 3261
86 3265
86 3267
86 3270
86 3273
86 3274
86 3277
86 3281
86 3283
86 3286
86 3289
86 3290
86 3293
86 3297
86 3299
86 3302
86 3305
86 3306
86 3313
86 3347
86 3371
86 3387
86 3413
86 3414
86 3415
86 3416
86 3417
86 3418
86 3419
86 3420
86 3422
86 3430
86 3438
86 3453
86 3457
86 3462
86 3464
86 3465
86 3470
86 3472
86 3473
86 3478
86 3480
86 3481
86 3486
86 3488
86 3489
86 3497
86 3502
86 3504
86 3505
86 3510
86 3512
86 3513
86 3518
86 3520
86 3522
86 3535
86 3583
86 3591
86 3599
86 3607
86 3615
86 3623
86 3625
86 3626
86 3627
86 3628
86 3629
86 3630
86 3631
86 3632
86 3633
86 3634
86 3635
86 3636
86 3637
86 3638
86 3639
86 3640
86 3641
86 3642
86 3643
86 3644
86 3645
86 3646
86 3647
86 3648
86 3649
86 3650
86 3651
86 3652
86 3653
86 3654
86 3655
86 3656
86 3657
86 3658
86 3659
86 3660
86 3661
86 3662
86 3663
86 3664
86 3665
86 3666
86 3667
86 3668
86 3669
86 3670
86 3671
86 3672
86 3674
86 3677
86 3679
86 3681
86 3686
86 3687
86 3690
86 3693
86 3695
86 3697
86 3702
86 3703
86 3706
86 3709
86 3711
86 3719
86 3776
86 3784
86 3937
86 3942
86 3943
86 3946
86 3953
86 3958
86 3959
86 3961
86 3969
86 3977
86 3985
86 3993
86 4001
86 4009
86 4017
86 4022
86 4024
86 4025
86 4030
86 4032
86 4033
86 4038
86 4040
86 4041
86 4112
86 4120
86 4128
86 4136
86 4144
86 4303
88 4177
89 4178
90 4147
90 4148
90 4155
90 4160
90 4163
90 4168
90 4171
90 4176
90 4179
90 4184
91 4241
92 4242
93 4187
93 4192
93 4195
93 4200
93 4203
93 4208
93 4211
93 4216
93 4219
93 4224
93 4227
93 4232
93 4235
93 4240
93 4243
93 4248
94 4306
94 4322
94 4338
94 4346
95 4345
96 4347
96 4350
194 195
194 196
194 198
194 200
194 202
194 205
194 210
194 218
194 226
194 234
201 204
203 206
203 208
211 214
219 222
227 230
235 238
321 323
321 324
321 326
321 328
321 333
321 335
330 331
330 334
330 337
330 340
332 336
338 341
338 345
339 342
339 343
346 353
347 350
354 361
355 358
362 369
363 366
370 377
371 374
378 385
379 382
386 393
387 390
394 401
395 398
403 406
410 418
410 426
410 434
410 442
410 450
410 458
410 466
411 414
419 422
427 430
435 438
443 446
451 454
459 462
467 470
473 481
473 489
473 497
473 505
473 513
473 521
473 529
473 537
473 545
475 476
483 484
491 492
499 500
507 508
515 516
523 524
531 532
539 540
547 548
649 651
649 653
649 654
649 655
649 660
649 664
657 659
657 662
657 668
657 672
661 663
665 667
665 670
665 673
665 678
665 681
665 689
665 697
665 705
669 671
674 677
675 676
675 679
683 684
691 692
699 700
707 708
818 819
818 820
818 822
818 824
818 826
818 829
818 834
818 842
818 850
818 858
818 866
818 874
818 882
818 890
825 828
827 830
827 832
835 838
843 846
851 854
859 862
867 870
875 878
883 886
891 894
899 900
899 903
899 908
899 911
899 916
899 919
899 924
899 927
899 932
899 935
899 940
899 943
899 948
899 951
899 956
899 959
899 964
899 967
899 972
899 975
899 980
899 983
899 988
899 991
899 996
899 999
899 1004
899 1007
899 1012
899 1015
899 1020
899 1023
899 1028
1029 1034
1029 1038
1030 1033
1031 1032
1031 1036
1037 1045
1037 1053
1037 1061
1037 1069
1037 1077
1037 1085
1039 1040
1047 1048
1055 1056
1063 1064
1071 1072
1079 1080
1086 1094
1086 1102
1086 1110
1087 1088
1095 1098
1103 1106
1111 1114
1117 1126
1119 1120
1125 1134
1125 1141
1125 1146
1125 1150
1127 1128
1133 1142
1133 1145
1135 1136
1135 1143
1135 1144
1135 1148
1149 1158
1151 1152
1157 1166
1157 1173
1157 1178
1157 1182
1157 1185
1157 1189
1157 1194
1157 1198
1157 1201
1159 1160
1165 1174
1165 1177
1165 1181
1165 1186
1165 1190
1165 1193
1167 1168
1167 1175
1167 1176
1167 1180
1167 1183
1167 1184
1167 1188
1167 1191
1167 1192
1167 1196
1197 1202
1199 1200
1199 1204
1205 1210
1205 1213
1205 1221
1205 1229
1205 1237
1206 1209
1207 1208
1207 1211
1215 1216
1223 1224
1230 1241
1231 1232
1231 1243
1239 1240
1239 1247
1239 1252
1239 1255
1239 1260
1239 1263
1239 1268
1239 1271
1239 1276
1239 1279
1239 1284
1239 1287
1239 1292
1239 1295
1239 1300
1239 1303
1239 1308
1310 1318
1310 1326
1310 1334
1310 1342
1310 1350
1310 1358
1310 1361
1310 1366
1310 1369
1310 1374
1310 1377
1310 1382
1310 1385
1310 1390
1311 1314
1319 1322
1327 1330
1335 1338
1343 1346
1349 1357
1349 1360
1349 1365
1349 1368
1349 1373
1349 1376
1349 1381
1349 1384
1349 1392
1351 1354
1351 1359
1351 1362
1351 1364
1351 1367
1351 1370
1351 1372
1351 1375
1351 1378
1351 1380
1351 1383
1351 1386
1351 1388
1351 1396
1391 1394
1398 1399
1398 1400
1398 1402
1398 1404
1398 1405
1398 1407
1398 1408
1398 1411
1398 1412
1398 1414
1398 1415
1398 1416
1398 1418
1398 1420
1398 1423
1398 1427
1398 1428
1398 1431
1398 1432
1398 1436
1398 1439
1398 1440
1398 1444
1398 1447
1398 1448
1398 1452
1398 1455
1398 1456
1398 1460
1398 1463
1398 1464
1398 1468
1398 1471
1398 1472
1398 1476
1398 1479
1398 1480
1398 1484
1398 1487
1398 1488
1398 1492
1398 1495
1398 1496
1398 1500
1398 1503
1398 1504
1398 1508
1398 1511
1398 1512
1398 1516
1421 1424
1421 1430
1421 1434
1421 1437
1421 1443
1421 1446
1421 1450
1421 1453
1421 1459
1421 1462
1421 1466
1421 1469
1421 1475
1421 1478
1421 1482
1421 1485
1421 1491
1421 1494
1421 1498
1421 1501
1421 1507
1421 1510
1421 1514
1422 1425
1422 1429
1422 1435
1422 1438
1422 1442
1422 1445
1422 1451
1422 1454
1422 1458
1422 1461
1422 1467
1422 1470
1422 1474
1422 1477
1422 1483
1422 1486
1422 1490
1422 1493
1422 1499
1422 1502
1422 1506
1422 1509
1422 1515
1422 1518
1517 1526
1517 1533
1517 1538
1517 1542
1519 1520
1525 1534
1525 1537
1527 1528
1527 1535
1527 1536
1527 1540
1541 1550
1543 1544
1549 1558
1551 1552
1557 1566
1557 1573
1557 1578
1557 1582
1557 1585
1557 1589
1557 1594
1557 1598
1557 1601
1559 1560
1565 1574
1565 1577
1565 1581
1565 1586
1565 1590
1565 1593
1565 1597
1565 1602
1565 1606
1565 1609
1567 1568
1567 1575
1567 1576
1567 1580
1567 1583
1567 1584
1567 1588
1567 1591
1567 1592
1567 1596
1567 1599
1567 1600
1567 1604
1605 1610
1607 1608
1607 1612
1607 1615
1607 1620
1607 1623
1607 1628
1607 1631
1607 1636
1607 1639
1607 1644
1607 1647
1607 1652
1653 1661
1653 1669
1653 1677
1653 1685
1653 1693
1653 1701
1653 1715
1655 1656
1663 1664
1671 1672
1679 1680
1687 1688
1695 1696
1702 1714
1703 1704
1703 1711
1703 1716
1703 1719
1703 1724
1703 1727
1703 1732
1703 1735
1703 1740
1703 1743
1703 1748
1703 1751
1703 1756
1703 1759
1703 1764
1703 1767
1703 1772
1703 1775
1703 1780
1703 1783
1703 1788
1757 1773
1758 1774
1765 1781
1766 1782
1768 1784
1769 1785
1770 1778
1770 1786
1771 1779
1771 1787
1910 1911
1910 1912
1910 1914
1910 1916
1910 1917
1910 1920
1918 1921
1918 1925
1919 1922
1919 1923
1926 1933
1927 1930
1934 1941
1935 1938
1942 1949
1942 1958
1942 1961
1942 1965
1942 1974
1942 1977
1942 1981
1942 1984
1942 1990
1942 1993
1942 1997
1942 2000
1942 2006
1942 2009
1942 2013
1942 2016
1943 1946
1950 1957
1950 1960
1951 1954
1951 1959
1951 1962
1951 1963
1966 1973
1966 1976
1966 1982
1966 1985
1966 1989
1966 1992
1966 1998
1966 2001
1966 2005
1966 2008
1967 1970
1967 1975
1967 1978
1967 1979
1967 1983
1967 1986
1967 1987
1967 1991
1967 1994
1967 1995
1967 1999
1967 2002
1967 2003
1967 2007
1967 2010
1967 2011
2014 2017
2015 2018
2015 2019
2022 2029
2023 2026
2030 2037
2031 2034
2038 2045
2039 2042
2046 2053
2047 2050
2054 2061
2055 2058
2062 2069
2063 2066
2071 2074
2071 2079
2071 2084
2071 2087
2071 2092
2071 2095
2071 2100
2071 2103
2071 2108
2071 2111
2071 2116
2071 2119
2071 2124
2071 2127
2071 2132
2071 2135
2071 2140
2071 2143
2071 2148
2150 2158
2150 2166
2150 2169
2150 2174
2150 2182
2150 2190
2150 2198
2150 2206
2150 2209
2150 2214
2150 2217
2150 2222
2150 2225
2150 2230
2150 2241
2151 2154
2157 2165
2157 2168
2159 2162
2159 2167
2159 2170
2159 2172
2175 2178
2183 2186
2191 2194
2197 2205
2197 2208
2197 2213
2197 2216
2197 2221
2197 2224
2197 2232
2199 2202
2199 2207
2199 2210
2199 2212
2199 2215
2199 2218
2199 2220
2199 2223
2199 2226
2199 2228
2199 2236
2229 2240
2231 2234
2231 2239
2231 2244
2231 2247
2231 2252
2231 2255
2231 2260
2231 2263
2231 2268
2231 2271
2231 2276
2231 2279
2231 2284
2231 2287
2231 2292
2231 2295
2231 2300
2231 2303
2231 2308
2231 2311
2231 2316
2277 2293
2277 2309
2278 2294
2278 2310
2285 2301
2286 2302
2288 2296
2288 2304
2288 2312
2289 2297
2289 2305
2289 2313
2290 2306
2291 2307
2298 2314
2299 2315
2317 2326
2319 2320
2325 2334
2327 2328
2333 2342
2335 2336
2341 2350
2343 2344
2349 2358
2351 2352
2359 2360
2365 2374
2365 2377
2365 2381
2365 2386
2365 2390
2365 2393
2365 2397
2365 2402
2365 2406
2365 2409
2365 2413
2365 2418
2365 2422
2365 2425
2367 2368
2367 2375
2367 2376
2367 2380
2367 2383
2367 2384
2367 2388
2367 2391
2367 2392
2367 2396
2367 2399
2367 2400
2367 2404
2367 2407
2367 2408
2367 2412
2367 2415
2367 2416
2367 2420
2367 2423
2367 2424
2367 2428
2437 2439
2437 2440
2437 2442
2437 2444
2437 2446
2437 2447
2437 2449
2437 2450
2437 2452
2437 2453
2437 2455
2437 2456
2437 2458
2437 2460
2437 2462
2437 2463
2437 2465
2437 2466
2437 2468
2437 2471
2437 2474
2437 2476
2437 2479
2437 2482
2437 2484
2469 2472
2469 2478
2469 2481
2469 2485
2470 2473
2470 2477
2470 2480
2486 2493
2487 2490
2494 2501
2495 2498
2502 2509
2503 2506
2510 2517
2511 2514
2518 2525
2519 2522
2526 2533
2526 2542
2526 2545
2526 2549
2526 2552
2526 2558
2526 2561
2526 2565
2526 2568
2526 2574
2526 2577
2526 2581
2526 2584
2527 2530
2535 2538
2535 2543
2535 2546
2535 2547
2535 2551
2535 2554
2535 2555
2535 2559
2535 2562
2535 2563
2535 2567
2535 2570
2535 2571
2535 2575
2535 2578
2535 2579
2535 2583
2535 2586
2535 2587
2597 2606
2599 2600
2607 2608
2622 2629
2623 2626
2630 2637
2631 2634
2638 2645
2639 2642
2646 2653
2647 2650
2654 2661
2655 2658
2663 2666
2677 2679
2677 2680
2677 2682
2677 2684
2677 2686
2677 2687
2677 2689
2677 2690
2677 2692
2677 2693
2677 2695
2677 2696
2677 2698
2677 2700
2677 2701
2677 2703
2677 2704
2677 2706
2677 2708
2677 2712
2677 2716
2709 2711
2709 2714
2709 2717
2709 2719
2709 2720
2709 2722
2709 2724
2709 2725
2709 2727
2709 2728
2709 2730
2709 2732
2709 2733
2709 2735
2709 2736
2709 2738
2709 2740
2709 2741
2709 2743
2709 2744
2709 2746
2709 2748
2709 2749
2709 2751
2709 2752
2709 2754
2709 2756
2709 2757
2709 2759
2709 2760
2709 2762
2709 2764
2709 2765
2709 2767
2709 2768
2709 2770
2709 2772
2709 2773
2709 2775
2709 2776
2709 2778
2709 2780
2709 2785
2709 2787
2713 2715
2782 2783
2782 2786
2782 2789
2782 2792
2784 2788
2790 2793
2790 2797
2791 2794
2791 2795
2798 2805
2799 2802
2806 2813
2807 2810
2814 2821
2815 2818
2823 2826
2830 2837
2830 2840
2830 2846
2830 2849
2830 2853
2830 2856
2831 2834
2831 2839
2831 2842
2831 2843
2831 2847
2831 2850
2831 2851
2831 2855
2831 2858
2831 2859
2871 2876
2871 2879
2871 2884
2871 2887
2871 2892
2871 2895
2871 2897
2871 2900
2871 2903
2871 2908
2871 2911
2871 2916
2871 2919
2871 2924
2871 2927
2871 2932
2871 2935
2871 2940
2885 2893
2885 2899
2886 2894
2886 2898
2918 2934
2930 2938
2931 2939
2957 2966
2959 2960
2965 2974
2967 2968
2973 2982
2975 2976
2981 2990
2983 2984
2989 2998
2991 2992
2997 3006
2997 3013
2997 3018
2997 3022
2997 3025
2997 3029
2997 3034
2997 3038
2997 3041
2997 3045
2997 3050
2997 3054
2997 3057
2999 3000
3005 3014
3005 3017
3005 3021
3005 3026
3005 3030
3005 3033
3005 3037
3005 3042
3005 3046
3005 3049
3005 3053
3005 3058
3005 3062
3005 3065
3007 3008
3007 3015
3007 3016
3007 3020
3007 3023
3007 3024
3007 3028
3007 3031
3007 3032
3007 3036
3007 3039
3007 3040
3007 3044
3007 3047
3007 3048
3007 3052
3007 3055
3007 3056
3007 3060
3061 3066
3085 3102
3086 3101
3098 3107
3099 3106
3160 3168
3161 3169
3229 3245
3230 3246
3232 3240
3232 3248
3232 3256
3233 3241
3233 3249
3233 3257
3234 3250
3235 3251
3242 3258
3243 3259
3262 3263
3262 3264
3262 3266
3262 3268
3262 3269
3262 3271
3262 3272
3262 3275
3262 3276
3262 3278
3262 3279
3262 3280
3262 3282
3262 3284
3262 3285
3262 3287
3262 3288
3262 3291
3262 3292
3262 3294
3262 3295
3262 3296
3262 3298
3262 3300
3262 3301
3262 3303
3262 3304
3262 3307
3262 3308
3262 3311
3262 3312
3262 3316
3262 3319
3262 3324
3262 3327
3262 3332
3309 3315
3309 3325
3309 3334
3309 3341
3309 3346
3309 3350
3310 3314
3310 3326
3320 3328
3321 3329
3333 3342
3333 3345
3335 3336
3335 3343
3335 3344
3335 3348
3349 3358
3349 3365
3349 3370
3349 3374
3349 3381
3349 3386
3349 3390
3351 3352
3357 3366
3357 3369
3359 3360
3359 3367
3359 3368
3359 3372
3373 3382
3373 3385
3375 3376
3375 3383
3375 3384
3375 3388
3389 3398
3391 3392
3399 3400
3421 3423
3421 3426
3421 3432
3421 3436
3424 3428
3425 3427
3429 3431
3429 3434
3429 3440
3429 3444
3433 3435
3441 3443
3454 3455
3454 3456
3454 3458
3454 3459
3454 3460
3454 3461
3454 3463
3454 3466
3454 3467
3454 3468
3454 3469
3454 3471
3454 3474
3454 3475
3454 3476
3454 3477
3454 3479
3454 3482
3454 3483
3454 3484
3454 3485
3454 3487
3454 3493
3454 3495
3490 3491
3490 3492
3490 3498
3490 3499
3490 3500
3490 3501
3490 3503
3490 3506
3490 3507
3490 3508
3490 3509
3490 3511
3490 3514
3490 3515
3490 3516
3490 3517
3490 3519
3494 3496
3521 3523
3521 3524
3521 3530
3521 3533
3525 3527
3526 3528
3529 3534
3529 3538
3531 3532
3531 3536
3537 3546
3539 3540
3545 3554
3547 3548
3553 3562
3555 3556
3563 3564
3569 3578
3569 3581
3569 3585
3569 3590
3569 3594
3569 3597
3569 3601
3569 3606
3569 3610
3569 3613
3571 3572
3571 3579
3571 3580
3571 3584
3571 3587
3571 3588
3571 3592
3571 3595
3571 3596
3571 3600
3571 3603
3571 3604
3571 3608
3571 3611
3571 3612
3571 3616
3673 3675
3673 3676
3673 3678
3673 3680
3673 3682
3673 3683
3673 3684
3673 3685
3673 3688
3673 3689
3673 3691
3673 3692
3673 3694
3673 3696
3673 3698
3673 3699
3673 3700
3673 3701
3673 3704
3673 3705
3673 3707
3673 3708
3673 3710
3673 3712
3673 3714
3673 3717
3673 3721
3713 3718
3713 3725
3715 3716
3715 3720
3715 3727
3722 3729
3723 3726
3730 3737
3731 3734
3738 3745
3739 3742
3746 3753
3747 3750
3755 3758
3769 3774
3769 3777
3769 3782
3769 3786
3770 3773
3770 3778
3770 3781
3771 3772
3771 3775
3771 3779
3771 3780
3771 3783
3785 3794
3787 3788
3793 3802
3795 3796
3801 3810
3803 3804
3809 3818
3811 3812
3817 3826
3819 3820
3825 3834
3827 3828
3889 3905
3889 3921
3890 3906
3890 3922
3900 3908
3900 3916
3900 3924
3900 3932
3901 3909
3901 3917
3901 3925
3901 3933
3902 3918
3902 3934
3903 3919
3903 3935
3910 3926
3911 3927
3938 3939
3938 3940
3938 3941
3938 3944
3938 3950
3938 3952
3945 3947
3945 3948
3945 3954
3945 3955
3945 3956
3945 3957
3945 3960
3945 3965
3945 3967
3949 3951
3962 3963
3962 3964
3962 3973
3962 3975
3966 3968
3970 3971
3970 3972
3970 3981
3970 3983
3974 3976
3978 3979
3978 3980
3982 3984
3986 3987
3986 3988
3989 3991
3990 3992
3994 3995
3994 3996
3994 4005
3994 4007
3997 3999
3998 4000
4002 4003
4002 4004
4006 4008
4010 4011
4010 4012
4010 4018
4010 4019
4010 4020
4010 4021
4010 4023
4010 4026
4010 4027
4010 4028
4010 4029
4010 4031
4010 4034
4010 4035
4010 4036
4010 4037
4010 4039
4010 4045
4010 4047
4013 4015
4014 4016
4046 4048
4049 4057
4049 4065
4049 4073
4049 4081
4049 4089
4049 4097
4049 4105
4049 4110
4049 4113
4049 4118
4049 4121
4049 4126
4049 4129
4049 4134
4049 4137
4049 4142
4049 4145
4049 4159
4051 4052
4059 4060
4067 4068
4075 4076
4083 4084
4091 4092
4098 4106
4098 4109
4098 4114
4098 4117
4098 4122
4098 4125
4098 4130
4098 4133
4098 4138
4098 4141
4098 4149
4099 4100
4099 4107
4099 4108
4099 4111
4099 4115
4099 4116
4099 4119
4099 4123
4099 4124
4099 4127
4099 4131
4099 4132
4099 4135
4099 4139
4099 4140
4099 4143
4099 4151
4146 4158
4251 4256
4251 4259
4251 4264
4251 4267
4251 4272
4251 4275
4251 4280
4251 4283
4251 4288
4251 4291
4251 4296
4251 4299
4251 4302
4251 4304
4251 4307
4251 4312
4251 4315
4251 4320
4251 4323
4251 4328
4251 4331
4251 4336
4251 4339
4251 4344
4289 4298
4289 4301
4289 4314
4289 4330
4290 4297
4290 4300
4290 4313
4290 4329
4305 4321
4305 4337
4308 4324
4308 4340
4309 4325
4309 4341
4310 4318
4310 4326
4310 4334
4310 4342
4311 4319
4311 4327
4311 4335
4311 4343
4316 4332
4317 4333
