121 329
122 321
122 330
123 331
123 332
124 373
125 358
125 366
125 374
126 375
126 378
127 413
128 414
129 383
129 388
129 391
129 396
129 399
129 404
129 407
129 412
129 415
129 420
130 461
131 422
131 430
131 438
131 446
131 454
131 462
132 463
132 466
133 509
134 510
135 495
135 498
135 503
135 508
135 511
135 516
136 574
136 581
137 582
138 583
138 586
139 701
140 678
140 686
140 694
140 702
141 703
141 706
142 773
143 774
144 735
144 738
144 743
144 748
144 751
144 756
144 759
144 764
144 767
144 772
144 775
144 780
145 830
145 837
146 838
147 839
147 842
148 845
148 847
148 848
148 850
148 851
148 853
148 858
148 861
148 866
148 869
148 877
148 885
148 893
148 901
148 909
148 917
148 925
148 933
148 941
149 942
150 943
150 944
151 990
152 957
152 965
152 973
152 981
152 989
153 991
153 992
154 1030
154 1037
155 1038
156 1039
156 1042
157 1046
158 1045
159 1047
159 1048
160 1077
161 1078
162 1055
162 1060
162 1063
162 1068
162 1071
162 1076
162 1079
162 1084
163 1105
164 1086
164 1090
164 1098
164 1106
165 1107
165 1110
166 1130
167 1129
168 1115
168 1120
168 1123
168 1128
168 1131
168 1136
169 1250
170 1249
171 1187
171 1188
171 1195
171 1200
171 1203
171 1208
171 1211
171 1216
171 1219
171 1224
171 1227
171 1232
171 1235
171 1240
171 1243
171 1248
171 1251
171 1256
172 1278
172 1285
173 1286
174 1287
174 1290
175 1294
176 1293
177 1295
177 1296
178 1362
178 1370
178 1378
178 1386
178 1394
179 1393
180 1395
180 1398
181 1410
182 1401
182 1409
183 1411
183 1412
184 1418
185 1417
186 1419
186 1420
187 1526
188 1478
188 1485
188 1493
188 1501
188 1509
188 1517
188 1525
189 1527
189 1528
190 1638
191 1574
191 1575
191 1578
191 1581
191 1584
191 1589
191 1597
191 1605
191 1613
191 1621
191 1629
191 1637
192 1639
192 1640
193 1646
194 1645
195 1647
195 1652
196 1654
197 1653
198 1655
198 1660
199 1674
199 1681
199 1689
199 1697
199 1705
199 1713
200 1714
201 1715
201 1716
202 1809
203 1801
203 1810
204 1811
204 1812
205 1817
205 1822
205 1825
205 1833
205 1841
206 1842
207 1843
207 1844
208 1874
209 1873
210 1851
210 1856
210 1859
210 1864
210 1867
210 1872
210 1875
210 1880
211 1977
212 1930
212 1938
212 1946
212 1954
212 1962
212 1970
212 1978
213 1979
213 1982
214 2110
215 2061
215 2069
215 2077
215 2085
215 2093
215 2101
215 2109
216 2111
216 2112
217 2117
217 2125
218 2126
219 2127
219 2128
220 2133
220 2137
221 2138
222 2139
222 2140
223 2146
223 2154
224 2153
225 2155
225 2158
226 2273
227 2274
228 2235
228 2238
228 2243
228 2248
228 2251
228 2256
228 2259
228 2264
228 2267
228 2272
228 2275
228 2280
229 2282
229 2290
229 2298
230 2297
231 2299
231 2302
232 2354
233 2353
234 2315
234 2316
234 2323
234 2328
234 2331
234 2336
234 2339
234 2344
234 2347
234 2352
234 2355
234 2360
235 2370
236 2362
236 2369
237 2371
237 2374
238 2409
239 2410
240 2379
240 2382
240 2387
240 2392
240 2395
240 2400
240 2403
240 2408
240 2411
240 2416
243 248
243 251
243 256
243 259
243 264
243 267
243 272
243 275
243 280
243 283
243 288
243 291
243 296
289 298
297 306
299 300
305 314
307 308
313 322
315 316
323 324
339 340
339 343
339 348
339 351
339 356
339 359
339 364
367 370
423 426
431 434
439 442
447 450
455 458
470 478
470 486
470 494
471 474
479 482
487 490
517 518
517 519
517 520
517 521
517 522
517 523
517 524
517 525
517 526
517 527
517 528
517 529
517 530
517 531
517 532
517 533
517 534
517 535
517 536
517 537
517 538
517 539
517 540
517 542
517 549
517 564
517 650
517 846
517 849
517 852
517 860
517 868
517 1002
517 1297
517 1298
517 1299
517 1300
517 1301
517 1302
517 1303
517 1304
517 1305
517 1306
517 1307
517 1308
517 1309
517 1310
517 1311
517 1312
517 1313
517 1314
517 1315
517 1316
517 1317
517 1318
517 1319
517 1320
517 1321
517 1334
517 1427
517 1432
517 1468
517 1533
517 1534
517 1535
517 1536
517 1537
517 1538
517 1539
517 1540
517 1541
517 1542
517 1543
517 1544
517 1545
517 1546
517 1547
517 1548
517 1549
517 1550
517 1551
517 1552
517 1553
517 1554
517 1555
517 1556
517 1557
517 1558
517 1559
517 1560
517 1561
517 1562
517 1563
517 1564
517 1565
517 1566
517 1567
517 1568
517 1569
517 1570
517 1571
517 1572
517 1573
517 1588
517 1824
517 1887
517 1992
541 543
541 544
545 547
546 548
550 551
550 554
550 557
550 560
552 556
553 555
558 561
558 565
559 562
559 563
566 573
567 570
575 578
591 596
591 599
591 604
597 605
597 613
597 621
597 629
597 637
597 645
597 648
607 608
615 616
623 624
631 632
638 646
638 649
639 640
639 647
639 651
639 652
639 655
639 660
639 663
639 668
639 671
639 676
639 679
639 684
687 690
695 698
710 718
710 726
710 733
711 714
719 722
727 730
781 790
783 784
789 798
789 805
791 792
799 800
806 813
807 810
814 821
815 818
822 829
823 826
831 834
854 857
854 862
854 865
854 873
855 856
855 859
855 863
855 864
855 867
855 875
871 872
879 880
886 897
887 888
887 899
895 896
903 904
911 912
919 920
927 928
934 945
935 936
935 947
951 956
951 959
951 964
967 968
975 976
983 984
997 1000
998 1001
999 1003
999 1004
999 1007
999 1012
999 1015
999 1020
999 1023
999 1028
1022 1029
1031 1034
1087 1088
1091 1094
1099 1102
1139 1144
1139 1147
1139 1152
1139 1155
1139 1160
1139 1163
1139 1168
1161 1170
1169 1178
1171 1172
1177 1186
1179 1180
1258 1261
1259 1260
1262 1269
1263 1266
1270 1277
1271 1274
1279 1282
1322 1323
1322 1326
1322 1331
1322 1335
1322 1336
1322 1339
1322 1344
1322 1347
1322 1352
1324 1328
1325 1327
1329 1332
1330 1333
1345 1353
1345 1361
1355 1356
1363 1364
1371 1374
1379 1382
1387 1390
1403 1404
1421 1424
1421 1429
1421 1435
1422 1425
1422 1430
1422 1434
1423 1426
1423 1428
1423 1431
1423 1433
1423 1436
1423 1439
1423 1444
1423 1447
1423 1452
1445 1453
1445 1461
1445 1466
1445 1469
1454 1462
1454 1465
1455 1456
1455 1463
1455 1464
1455 1467
1470 1477
1471 1472
1479 1482
1487 1490
1495 1496
1503 1504
1511 1512
1519 1520
1576 1580
1577 1579
1582 1585
1583 1586
1583 1587
1591 1592
1599 1600
1607 1608
1615 1616
1623 1624
1631 1632
1662 1665
1663 1664
1666 1673
1667 1670
1675 1678
1683 1686
1691 1692
1699 1700
1707 1708
1723 1724
1723 1731
1723 1736
1723 1739
1723 1744
1723 1747
1723 1752
1723 1755
1723 1760
1753 1761
1753 1769
1753 1778
1763 1764
1771 1772
1777 1786
1779 1780
1785 1794
1787 1788
1793 1802
1795 1796
1803 1804
1818 1821
1819 1820
1819 1823
1827 1828
1834 1845
1835 1836
1835 1847
1881 1884
1882 1885
1882 1890
1882 1898
1883 1886
1883 1888
1891 1894
1897 1905
1897 1913
1897 1921
1897 1929
1899 1902
1907 1908
1915 1916
1923 1924
1931 1932
1939 1942
1947 1950
1955 1958
1963 1966
1971 1974
1985 1989
1985 1995
1986 1990
1986 1994
1987 1988
1987 1991
1987 1993
1987 1996
1987 1999
1987 2004
1987 2007
1987 2012
1987 2015
1987 2020
1987 2023
1987 2028
2021 2030
2029 2038
2031 2032
2037 2046
2039 2040
2045 2054
2047 2048
2053 2062
2055 2056
2063 2064
2071 2072
2079 2080
2087 2088
2095 2096
2103 2104
2119 2120
2135 2136
2147 2150
2163 2168
2163 2171
2163 2176
2163 2179
2163 2184
2163 2187
2163 2192
2185 2193
2185 2201
2185 2209
2195 2196
2203 2204
2210 2218
2210 2226
2210 2234
2211 2212
2219 2222
2227 2230
2283 2286
2291 2294
2305 2313
2307 2308
2363 2366
