97 225
98 194
98 202
98 210
98 218
98 226
99 227
99 230
100 250
100 258
101 257
102 259
102 262
103 282
103 289
104 290
105 291
105 294
106 361
107 353
107 362
108 363
108 364
109 393
110 394
111 371
111 376
111 379
111 384
111 387
111 392
111 395
111 400
112 449
112 457
113 441
113 450
113 458
114 451
114 452
114 459
114 460
115 501
116 493
116 502
117 503
117 504
118 533
118 542
119 541
120 543
120 544
121 549
121 557
121 565
121 573
121 581
121 589
121 597
122 590
122 598
123 591
123 592
123 599
123 600
124 641
124 650
125 649
126 651
126 652
127 698
127 706
127 714
128 713
129 715
129 718
130 778
130 785
131 786
132 787
132 790
133 817
133 826
134 825
135 827
135 828
136 849
137 834
137 842
137 850
138 851
138 854
139 858
139 865
139 874
139 877
139 882
139 890
139 898
140 897
141 899
141 902
142 953
142 961
143 954
143 962
144 907
144 912
144 915
144 920
144 923
144 928
144 931
144 936
144 939
144 944
144 947
144 952
144 955
144 960
144 963
144 964
145 1005
145 1013
146 1006
146 1014
147 991
147 992
147 999
147 1004
147 1007
147 1012
147 1015
147 1016
148 1066
149 1065
150 1051
150 1054
150 1059
150 1064
150 1067
150 1072
151 1121
152 1098
152 1106
152 1114
152 1122
153 1123
153 1126
154 1185
155 1186
156 1131
156 1136
156 1139
156 1144
156 1147
156 1152
156 1155
156 1160
156 1163
156 1168
156 1171
156 1176
156 1179
156 1184
156 1187
156 1192
157 1234
158 1233
159 1211
159 1214
159 1219
159 1224
159 1227
159 1232
159 1235
159 1240
160 1281
160 1290
161 1289
162 1291
162 1292
163 1353
164 1354
165 1339
165 1340
165 1347
165 1352
165 1355
165 1360
166 1394
167 1393
168 1363
168 1368
168 1371
168 1376
168 1379
168 1384
168 1387
168 1392
168 1395
168 1400
169 1425
170 1426
171 1403
171 1408
171 1411
171 1416
171 1419
171 1424
171 1427
171 1432
172 1481
173 1458
173 1459
173 1460
173 1466
173 1469
173 1474
173 1482
174 1483
174 1486
175 1537
175 1545
175 1553
176 1554
177 1555
177 1556
178 1601
178 1610
179 1602
179 1609
180 1579
180 1582
180 1587
180 1592
180 1595
180 1600
180 1603
180 1608
180 1611
180 1612
181 1669
182 1661
182 1670
183 1671
183 1672
184 1742
185 1741
186 1727
186 1730
186 1735
186 1740
186 1743
186 1748
187 1789
187 1797
188 1781
188 1790
188 1798
189 1791
189 1792
189 1799
189 1800
190 1834
190 1841
191 1842
192 1843
192 1846
195 198
203 206
211 214
219 222
233 241
233 249
235 236
243 244
251 252
266 273
267 270
274 281
275 278
283 286
298 305
299 302
306 313
307 310
314 321
315 318
322 329
323 326
330 338
330 346
330 354
331 334
339 342
347 350
355 358
401 410
403 404
409 418
411 412
417 426
419 420
425 434
427 428
433 442
435 436
443 444
462 469
463 466
470 477
471 474
478 485
479 482
487 490
487 495
487 500
509 518
511 512
517 526
519 520
525 534
527 528
535 536
551 552
559 560
567 568
575 576
583 584
603 608
603 611
603 616
603 619
603 624
603 627
603 632
603 635
603 640
633 642
643 644
657 666
659 660
665 674
667 668
673 681
673 689
673 697
675 676
683 684
691 692
699 700
707 710
723 728
723 731
723 736
723 739
723 742
723 744
723 747
723 752
723 755
723 760
723 763
723 768
723 771
723 776
723 779
723 784
729 738
729 741
730 737
730 740
743 880
743 1433
743 1441
743 1449
743 1457
743 1471
793 802
795 796
801 810
803 804
809 818
811 812
819 820
835 838
843 846
859 862
866 873
866 876
867 870
867 875
867 878
867 879
883 886
891 894
921 937
922 938
934 942
935 943
965 973
965 981
965 989
965 1003
967 968
975 976
983 984
990 1002
1019 1024
1019 1027
1019 1032
1019 1035
1019 1040
1034 1042
1034 1050
1043 1046
1075 1080
1075 1083
1075 1088
1075 1091
1075 1096
1075 1099
1075 1104
1107 1110
1115 1118
1194 1202
1194 1210
1194 1221
1195 1198
1203 1206
1209 1220
1243 1248
1243 1251
1243 1256
1243 1259
1243 1264
1243 1267
1243 1272
1265 1274
1273 1282
1275 1276
1283 1284
1298 1306
1298 1314
1298 1322
1298 1330
1299 1302
1307 1310
1315 1318
1323 1326
1329 1337
1331 1334
1434 1435
1434 1436
1434 1445
1434 1447
1437 1439
1438 1440
1442 1443
1442 1444
1442 1453
1442 1455
1446 1448
1450 1451
1450 1452
1450 1461
1450 1463
1454 1456
1462 1464
1465 1468
1467 1470
1467 1472
1475 1478
1489 1497
1489 1505
1489 1513
1489 1522
1491 1492
1499 1500
1507 1508
1515 1516
1521 1530
1523 1524
1529 1538
1531 1532
1539 1540
1547 1548
1562 1569
1563 1566
1570 1577
1571 1574
1614 1621
1615 1618
1622 1629
1623 1626
1630 1637
1631 1634
1638 1645
1638 1654
1639 1642
1647 1650
1653 1662
1655 1656
1663 1664
1679 1684
1679 1687
1679 1692
1679 1695
1679 1700
1679 1703
1679 1708
1702 1709
1710 1717
1711 1714
1718 1725
1719 1722
1749 1757
1749 1765
1749 1773
1749 1782
1751 1752
1759 1760
1767 1768
1775 1776
1783 1784
1802 1810
1802 1818
1802 1826
1802 1833
1803 1806
1811 1814
1819 1822
1827 1830
1835 1838
