97 202
97 209
98 210
99 211
99 214
100 249
101 241
101 250
102 251
102 252
103 289
103 297
104 281
104 290
104 298
105 291
105 292
105 299
105 300
106 333
106 342
106 349
107 341
107 350
108 343
108 344
108 351
108 352
109 378
109 385
109 393
109 401
109 409
110 410
111 411
111 412
112 442
113 417
113 425
113 433
113 441
114 443
114 444
115 522
116 521
117 483
117 484
117 491
117 496
117 499
117 504
117 507
117 512
117 515
117 520
117 523
117 528
118 538
118 545
119 546
120 547
120 550
121 570
121 577
122 578
123 579
123 582
124 602
124 603
124 604
124 610
124 613
124 618
124 626
125 625
126 627
126 630
127 657
128 649
128 658
129 659
129 660
130 706
131 705
132 683
132 686
132 691
132 696
132 699
132 704
132 707
132 712
133 753
133 761
133 769
134 770
135 771
135 772
136 809
137 810
138 779
138 784
138 787
138 792
138 795
138 800
138 803
138 808
138 811
138 816
139 841
140 818
140 826
140 834
140 842
141 843
141 846
142 881
143 850
143 858
143 866
143 874
143 882
144 883
144 886
145 946
146 938
146 945
147 947
147 950
148 977
149 954
149 962
149 970
149 978
150 979
150 982
151 1025
152 1026
153 1019
153 1020
153 1027
153 1032
154 1065
155 1058
155 1066
156 1067
156 1070
157 1097
157 1105
158 1090
158 1098
158 1106
159 1099
159 1102
159 1107
159 1108
160 1157
161 1149
161 1158
162 1159
162 1160
163 1181
164 1173
164 1182
165 1183
165 1184
166 1221
166 1230
167 1229
168 1231
168 1232
169 1269
170 1270
171 1255
171 1258
171 1263
171 1268
171 1271
171 1276
172 1302
172 1309
173 1310
174 1311
174 1314
175 1349
176 1350
177 1335
177 1336
177 1343
177 1348
177 1351
177 1356
178 1398
179 1397
180 1391
180 1392
180 1399
180 1404
181 1405
181 1413
181 1421
181 1429
181 1437
181 1445
181 1453
182 1446
182 1454
183 1447
183 1448
183 1455
183 1456
184 1482
184 1490
185 1489
186 1491
186 1494
187 1521
188 1522
189 1499
189 1504
189 1507
189 1512
189 1515
189 1520
189 1523
189 1528
190 1561
191 1562
192 1531
192 1536
192 1539
192 1544
192 1547
192 1552
192 1555
192 1560
192 1563
192 1568
194 201
195 198
203 206
217 226
219 220
225 234
227 228
233 242
235 236
243 244
257 266
259 260
265 274
267 268
273 282
275 276
283 284
301 306
301 309
301 317
301 326
302 305
303 304
303 307
308 353
308 368
308 585
308 593
308 601
308 615
308 726
308 734
308 1046
311 312
319 320
325 334
327 328
335 336
354 355
354 358
354 361
354 364
356 360
357 359
362 365
362 369
363 366
363 367
370 377
371 374
379 382
387 390
395 396
403 404
419 420
427 428
435 436
449 457
449 465
449 473
449 481
451 452
459 460
467 468
475 476
530 537
531 534
539 542
554 561
555 558
562 569
563 566
571 574
586 587
586 588
586 597
586 599
589 591
590 592
594 595
594 596
594 605
594 607
598 600
606 608
609 612
611 614
611 616
619 622
633 642
635 636
641 650
643 644
651 652
666 674
666 682
666 693
667 670
675 678
681 692
713 721
713 724
713 729
713 732
714 722
714 725
714 730
714 733
714 738
714 746
714 754
715 720
715 723
715 727
715 728
715 731
715 735
715 736
739 742
747 750
755 758
763 764
819 822
827 830
835 838
851 854
859 862
867 870
875 878
890 897
891 894
898 905
899 902
906 913
907 910
914 921
915 918
922 929
923 926
930 937
931 934
939 942
955 958
963 966
971 974
985 993
985 1001
985 1010
987 988
995 996
1003 1004
1009 1018
1011 1012
1033 1041
1033 1044
1034 1042
1034 1045
1035 1040
1035 1043
1035 1047
1035 1048
1035 1051
1035 1056
1050 1057
1059 1062
1075 1080
1075 1083
1075 1088
1075 1091
1075 1096
1111 1116
1111 1119
1111 1124
1111 1127
1111 1132
1111 1135
1111 1140
1111 1143
1111 1148
1141 1150
1151 1152
1165 1174
1167 1168
1175 1176
1191 1196
1191 1199
1191 1204
1191 1207
1191 1212
1191 1215
1191 1220
1191 1223
1191 1228
1238 1246
1238 1254
1238 1265
1239 1242
1247 1250
1253 1264
1278 1285
1279 1282
1286 1293
1287 1290
1294 1301
1295 1298
1303 1306
1317 1325
1317 1333
1317 1346
1319 1320
1327 1328
1334 1347
1357 1366
1359 1360
1365 1374
1367 1368
1373 1382
1375 1376
1381 1390
1383 1384
1407 1408
1415 1416
1423 1424
1431 1432
1439 1440
1459 1464
1459 1467
1459 1472
1459 1475
1459 1480
1459 1483
1459 1488
