130 284
130 292
130 300
131 299
132 301
132 304
133 403
133 405
133 408
133 411
133 416
133 419
133 427
133 435
133 443
133 451
134 452
135 453
135 454
136 468
137 460
137 467
138 469
138 472
139 523
140 484
140 492
140 500
140 508
140 516
140 524
141 525
141 528
142 571
143 556
143 564
143 572
144 573
144 576
145 579
145 588
146 587
147 589
147 590
148 628
148 635
148 638
148 644
148 647
148 652
148 660
148 668
148 676
148 684
149 683
150 685
150 688
151 692
152 691
153 693
153 696
154 708
154 715
155 716
156 717
156 720
157 788
157 795
158 796
159 797
159 800
160 851
161 820
161 828
161 836
161 844
161 852
162 853
162 856
163 908
164 900
164 907
165 909
165 912
166 972
167 964
167 971
168 973
168 976
169 1040
170 1039
171 981
171 982
171 985
171 990
171 993
171 998
171 1001
171 1006
171 1009
171 1014
171 1017
171 1022
171 1025
171 1030
171 1033
171 1038
171 1041
171 1046
172 1079
172 1088
173 1087
174 1089
174 1090
175 1208
176 1200
176 1207
177 1209
177 1212
178 1327
179 1328
180 1273
180 1274
180 1281
180 1286
180 1289
180 1294
180 1297
180 1302
180 1305
180 1310
180 1313
180 1318
180 1321
180 1326
180 1329
180 1334
181 1436
182 1435
183 1381
183 1384
183 1389
183 1394
183 1397
183 1402
183 1405
183 1410
183 1413
183 1418
183 1421
183 1426
183 1429
183 1434
183 1437
183 1442
184 1468
184 1471
184 1475
184 1483
184 1491
184 1499
184 1507
184 1515
184 1523
184 1531
185 1532
186 1533
186 1534
187 1636
188 1635
189 1597
189 1600
189 1605
189 1610
189 1613
189 1618
189 1621
189 1626
189 1629
189 1634
189 1637
189 1642
190 1755
191 1756
192 1709
192 1712
192 1717
192 1722
192 1725
192 1730
192 1733
192 1738
192 1741
192 1746
192 1749
192 1754
192 1757
192 1762
193 1819
194 1780
194 1788
194 1796
194 1804
194 1812
194 1820
195 1821
195 1824
196 1859
196 1867
196 1875
197 1876
198 1877
198 1878
199 1955
200 1956
201 1917
201 1920
201 1925
201 1930
201 1933
201 1938
201 1941
201 1946
201 1949
201 1954
201 1957
201 1962
202 1996
202 2003
203 2004
204 2005
204 2008
205 2011
206 2012
207 2013
207 2014
208 2064
208 2071
209 2072
210 2073
210 2076
211 2155
212 2156
213 2081
213 2082
213 2085
213 2090
213 2093
213 2098
213 2101
213 2106
213 2109
213 2114
213 2117
213 2122
213 2125
213 2130
213 2133
213 2138
213 2141
213 2146
213 2149
213 2154
213 2157
213 2162
214 2224
215 2223
216 2165
216 2166
216 2169
216 2174
216 2177
216 2182
216 2185
216 2190
216 2193
216 2198
216 2201
216 2206
216 2209
216 2214
216 2217
216 2222
216 2225
216 2230
217 2239
217 2248
218 2247
219 2249
219 2250
220 2312
220 2319
221 2320
222 2321
222 2324
223 2415
223 2424
224 2423
225 2425
225 2426
226 2456
227 2455
228 2433
228 2438
228 2441
228 2446
228 2449
228 2454
228 2457
228 2462
229 2592
230 2591
231 2569
231 2572
231 2577
231 2582
231 2585
231 2590
231 2593
231 2598
232 2615
232 2623
232 2631
232 2639
232 2647
233 2648
234 2649
234 2650
235 2695
236 2656
236 2664
236 2672
236 2680
236 2688
236 2696
237 2697
237 2700
238 2767
239 2759
239 2768
240 2769
240 2770
241 2792
241 2799
242 2800
243 2801
243 2804
244 2912
245 2911
246 2865
246 2868
246 2873
246 2878
246 2881
246 2886
246 2889
246 2894
246 2897
246 2902
246 2905
246 2910
246 2913
246 2918
247 2943
247 2951
247 2959
247 2967
247 2975
248 2976
249 2977
249 2978
250 3007
251 3008
252 3001
252 3004
252 3009
252 3014
253 3047
253 3056
254 3055
255 3057
255 3058
256 3091
257 3092
258 3065
258 3066
258 3069
258 3074
258 3077
258 3082
258 3085
258 3090
258 3093
258 3098
259 262
260 263
261 265
261 266
261 269
261 274
261 277
261 282
261 285
261 290
264 307
264 308
264 309
264 310
264 311
264 312
264 313
264 314
264 315
264 316
264 317
264 318
264 319
264 320
264 321
264 322
264 323
264 324
264 325
264 326
264 327
264 328
264 329
264 330
264 331
264 332
264 333
264 334
264 335
264 336
264 337
264 338
264 339
264 340
264 341
264 342
264 343
264 344
264 345
264 346
264 347
264 348
264 349
264 350
264 351
264 352
264 353
264 354
264 355
264 356
264 357
264 358
264 359
264 360
264 361
264 362
264 363
264 364
264 365
264 366
264 367
264 368
264 369
264 370
264 371
264 372
264 373
264 374
264 375
264 376
264 377
264 378
264 379
264 380
264 381
264 382
264 383
264 384
264 385
264 386
264 388
264 396
264 404
264 418
264 641
264 649
264 1102
264 1134
264 1142
264 1443
264 1444
264 1445
264 1446
264 1447
264 1448
264 1449
264 1450
264 1451
264 1452
264 1453
264 1454
264 1455
264 1456
264 1457
264 1458
264 1459
264 1474
264 1544
264 1643
264 1644
264 1645
264 1646
264 1647
264 1648
264 1649
264 1650
264 1651
264 1652
264 1653
264 1654
264 1655
264 1656
264 1657
264 1658
264 1659
264 1667
264 1675
264 1683
264 1697
264 1769
264 1849
264 1963
264 1978
264 2036
264 2255
264 2256
264 2257
264 2258
264 2259
264 2260
264 2261
264 2262
264 2263
264 2264
264 2265
264 2266
264 2267
264 2268
264 2269
264 2270
264 2271
264 2272
264 2273
264 2274
264 2275
264 2276
264 2277
264 2278
264 2279
264 2280
264 2281
264 2282
264 2283
264 2284
264 2285
264 2286
264 2288
264 2301
264 2327
264 2328
264 2329
264 2330
264 2331
264 2332
264 2333
264 2334
264 2335
264 2336
264 2337
264 2338
264 2339
264 2340
264 2341
264 2342
264 2343
264 2344
264 2345
264 2346
264 2347
264 2348
264 2349
264 2350
264 2351
264 2352
264 2353
264 2354
264 2355
264 2356
264 2357
264 2358
264 2360
264 2362
264 2366
264 2373
264 2524
264 2706
264 3018
293 296
387 389
387 392
387 398
387 402
390 394
391 393
395 397
395 400
395 406
395 410
399 401
407 409
412 415
413 414
413 417
421 422
429 430
437 438
445 446
461 462
477 482
477 485
477 490
493 496
501 504
509 512
517 520
533 538
533 541
533 546
533 549
533 554
533 557
533 562
565 568
581 582
596 603
597 600
604 611
605 608
613 616
613 621
613 626
613 629
613 634
613 637
613 640
613 642
613 645
613 648
613 650
627 636
627 639
627 643
627 646
653 656
661 664
669 672
677 680
699 707
701 702
709 710
723 732
725 726
733 734
733 741
733 746
733 749
733 754
733 757
733 762
733 765
733 770
733 773
733 778
772 779
780 787
781 784
789 792
803 811
803 819
805 806
813 814
821 822
829 832
837 840
845 848
859 868
861 862
867 876
869 870
875 884
875 891
877 878
885 886
892 899
893 896
901 904
915 924
917 918
925 926
925 933
925 938
925 941
925 946
925 949
925 954
948 955
956 963
957 960
965 968
1048 1055
1049 1052
1056 1063
1056 1072
1057 1060
1065 1068
1071 1080
1073 1074
1081 1082
1095 1100
1095 1103
1096 1099
1097 1098
1097 1101
1104 1111
1105 1106
1112 1119
1112 1128
1112 1131
1112 1135
1112 1138
1113 1116
1120 1127
1120 1130
1120 1136
1120 1139
1120 1143
1120 1151
1120 1159
1120 1167
1120 1175
1121 1124
1121 1129
1121 1132
1121 1133
1121 1137
1121 1140
1121 1141
1145 1148
1153 1154
1161 1162
1169 1170
1176 1183
1177 1178
1184 1191
1185 1188
1192 1199
1193 1196
1201 1204
1215 1224
1217 1218
1223 1232
1223 1239
1225 1226
1233 1234
1240 1247
1240 1256
1241 1244
1249 1252
1255 1264
1257 1258
1263 1272
1265 1266
1336 1340
1336 1347
1337 1338
1341 1344
1348 1355
1349 1352
1356 1363
1357 1360
1364 1371
1365 1368
1372 1379
1373 1376
1460 1461
1460 1462
1460 1467
1460 1470
1463 1465
1464 1466
1469 1472
1469 1473
1477 1480
1485 1486
1493 1494
1501 1502
1509 1510
1517 1518
1525 1526
1539 1542
1539 1547
1540 1543
1541 1545
1541 1546
1548 1555
1549 1550
1556 1563
1557 1560
1564 1571
1565 1568
1572 1579
1573 1576
1580 1587
1581 1584
1588 1595
1589 1592
1660 1661
1660 1662
1660 1671
1660 1673
1663 1665
1664 1666
1668 1669
1668 1670
1668 1679
1668 1681
1672 1674
1676 1677
1676 1678
1676 1687
1676 1689
1680 1682
1684 1685
1684 1686
1684 1692
1684 1695
1684 1700
1684 1708
1688 1690
1691 1694
1693 1696
1693 1698
1701 1704
1763 1766
1764 1767
1765 1768
1765 1770
1765 1773
1765 1778
1765 1781
1765 1786
1789 1792
1797 1800
1805 1808
1813 1816
1827 1836
1827 1843
1827 1848
1827 1852
1829 1830
1835 1844
1835 1847
1837 1838
1837 1845
1837 1846
1837 1850
1851 1860
1853 1854
1861 1862
1869 1870
1884 1891
1885 1888
1892 1899
1893 1896
1900 1908
1900 1916
1901 1904
1909 1912
1964 1965
1964 1966
1964 1971
1964 1974
1967 1969
1968 1970
1972 1975
1972 1979
1973 1976
1973 1977
1980 1987
1981 1984
1988 1995
1989 1992
1997 2000
2017 2022
2017 2025
2017 2030
2017 2033
2017 2037
2017 2038
2023 2031
2023 2034
2024 2032
2024 2035
2024 2039
2040 2047
2041 2044
2048 2055
2049 2052
2056 2063
2057 2060
2065 2068
2231 2240
2233 2234
2241 2242
2287 2289
2287 2290
2287 2296
2287 2299
2287 2303
2291 2293
2292 2294
2295 2300
2297 2298
2297 2302
2304 2311
2305 2308
2313 2316
2359 2361
2359 2363
2359 2364
2359 2365
2359 2368
2359 2371
2367 2372
2367 2376
2369 2370
2369 2374
2375 2384
2377 2378
2383 2392
2385 2386
2391 2400
2393 2394
2399 2408
2401 2402
2407 2416
2409 2410
2417 2418
2465 2470
2465 2473
2465 2478
2465 2481
2465 2486
2465 2489
2465 2494
2465 2497
2465 2502
2465 2505
2465 2510
2465 2513
2465 2518
2465 2521
2465 2525
2465 2526
2511 2519
2511 2522
2512 2520
2512 2523
2512 2527
2528 2535
2529 2532
2536 2543
2537 2540
2544 2551
2545 2548
2552 2559
2553 2556
2560 2567
2561 2564
2601 2606
2601 2609
2601 2614
2601 2617
2601 2622
2625 2626
2633 2634
2641 2642
2657 2658
2665 2668
2673 2676
2681 2684
2689 2692
2703 2709
2704 2708
2705 2707
2705 2710
2705 2713
2705 2718
2705 2721
2705 2726
2705 2729
2705 2734
2705 2737
2705 2742
2735 2744
2743 2752
2745 2746
2751 2760
2753 2754
2761 2762
2776 2783
2777 2780
2784 2791
2785 2788
2793 2796
2808 2815
2809 2812
2816 2823
2817 2820
2824 2831
2825 2828
2833 2836
2833 2841
2833 2846
2833 2849
2833 2854
2848 2855
2856 2863
2857 2860
2919 2928
2921 2922
2927 2936
2929 2930
2935 2944
2937 2938
2945 2946
2953 2954
2961 2962
2969 2970
2984 2991
2985 2988
2992 2999
2993 2996
3015 3021
3016 3020
3017 3019
3017 3022
3017 3025
3017 3030
3023 3032
3031 3040
3033 3034
3039 3048
3041 3042
3049 3050
