31 3149
32 3150
33 3095
33 3096
33 3103
33 3108
33 3111
33 3116
33 3119
33 3124
33 3127
33 3132
33 3135
33 3140
33 3143
33 3148
33 3151
33 3156
34 3245
35 3158
35 3166
35 3174
35 3182
35 3190
35 3198
35 3206
35 3209
35 3214
35 3217
35 3222
35 3225
35 3230
35 3233
35 3238
35 3241
35 3246
36 3247
36 3250
37 3542
38 3541
39 3463
39 3464
39 3468
39 3471
39 3476
39 3479
39 3484
39 3487
39 3492
39 3495
39 3500
39 3503
39 3508
39 3511
39 3516
39 3519
39 3524
39 3527
39 3532
39 3535
39 3540
39 3543
39 3548
40 3549
41 3550
42 3551
42 3552
43 3721
43 3726
43 3730
43 3733
43 3737
43 3742
43 3746
43 3749
43 3753
43 3758
43 3762
43 3765
43 3769
43 3774
43 3778
43 3781
43 3785
43 3790
43 3794
43 3798
43 3801
43 3807
43 3810
43 3814
43 3817
43 3823
43 3826
43 3830
43 3833
43 3839
43 3842
43 3846
43 3849
43 3855
43 3857
43 3865
43 3873
43 3881
43 3889
43 3897
43 3905
43 3910
43 3913
43 3918
43 3921
44 3922
45 3923
45 3924
46 3985
46 4001
46 4017
47 3986
47 4002
47 4018
48 3931
48 3936
48 3939
48 3944
48 3947
48 3952
48 3955
48 3960
48 3963
48 3968
48 3971
48 3976
48 3979
48 3984
48 3987
48 3992
48 3995
48 4000
48 4003
48 4008
48 4011
48 4016
48 4019
48 4024
49 4065
49 4081
49 4097
49 4113
49 4129
50 4066
50 4082
50 4098
50 4114
50 4130
51 4027
51 4032
51 4035
51 4040
51 4043
51 4048
51 4051
51 4056
51 4059
51 4064
51 4067
51 4072
51 4075
51 4080
51 4083
51 4088
51 4091
51 4096
51 4099
51 4104
51 4107
51 4112
51 4115
51 4120
51 4123
51 4128
51 4131
51 4136
52 4322
52 4338
53 4321
53 4337
54 4275
54 4276
54 4283
54 4288
54 4291
54 4296
54 4299
54 4304
54 4307
54 4312
54 4315
54 4320
54 4323
54 4328
54 4331
54 4336
54 4339
54 4344
55 4362
56 4361
57 4347
57 4352
57 4355
57 4360
57 4363
57 4368
58 4402
59 4394
59 4401
60 4403
60 4406
61 4457
62 4449
62 4458
63 4459
63 4460
64 4602
65 4601
66 4547
66 4548
66 4552
66 4555
66 4560
66 4563
66 4568
66 4571
66 4576
66 4579
66 4584
66 4587
66 4592
66 4595
66 4600
66 4603
66 4608
67 4753
67 4762
68 4761
69 4763
69 4764
70 5001
71 4769
71 4771
71 4772
71 4774
71 4776
71 4778
71 4779
71 4781
71 4782
71 4784
71 4785
71 4787
71 4788
71 4790
71 4792
71 4794
71 4795
71 4797
71 4798
71 4800
71 4801
71 4803
71 4804
71 4806
71 4808
71 4810
71 4811
71 4813
71 4814
71 4816
71 4819
71 4822
71 4824
71 4827
71 4830
71 4832
71 4835
71 4838
71 4840
71 4843
71 4846
71 4848
71 4851
71 4854
71 4856
71 4859
71 4862
71 4864
71 4865
71 4867
71 4872
71 4874
71 4875
71 4877
71 4878
71 4880
71 4881
71 4883
71 4884
71 4886
71 4888
71 4890
71 4891
71 4893
71 4894
71 4896
71 4898
71 4899
71 4901
71 4902
71 4904
71 4906
71 4907
71 4909
71 4910
71 4912
71 4914
71 4915
71 4917
71 4918
71 4920
71 4922
71 4923
71 4925
71 4926
71 4928
71 4930
71 4931
71 4933
71 4934
71 4936
71 4938
71 4939
71 4941
71 4942
71 4944
71 4946
71 4947
71 4949
71 4950
71 4952
71 4954
71 4960
71 4962
71 4970
71 4978
71 4986
71 4994
71 5002
72 5003
72 5006
73 79
74 78
75 77
75 80
75 83
75 88
75 91
75 93
75 96
75 99
75 101
75 104
75 107
75 109
75 112
75 115
75 117
75 120
75 123
75 125
75 128
75 131
75 133
75 136
75 139
75 141
75 144
75 147
75 149
75 152
75 155
75 157
75 160
75 163
75 165
75 168
75 171
75 173
75 176
75 179
75 181
75 184
75 187
75 189
75 192
75 195
75 200
75 203
75 205
75 208
75 211
75 213
75 216
75 219
75 220
75 223
76 92
76 100
76 108
76 116
76 124
76 132
76 140
76 148
76 156
76 164
76 172
76 180
76 188
76 204
76 212
76 224
76 248
76 256
76 264
76 287
76 377
76 378
76 379
76 380
76 381
76 382
76 383
76 384
76 385
76 386
76 387
76 388
76 389
76 390
76 391
76 392
76 393
76 394
76 395
76 396
76 397
76 398
76 399
76 400
76 401
76 402
76 403
76 404
76 405
76 406
76 407
76 408
76 409
76 410
76 411
76 412
76 413
76 414
76 415
76 416
76 417
76 418
76 419
76 420
76 421
76 422
76 423
76 424
76 425
76 426
76 427
76 428
76 429
76 430
76 431
76 432
76 433
76 447
76 557
76 558
76 559
76 560
76 561
76 562
76 563
76 564
76 565
76 566
76 567
76 568
76 569
76 570
76 571
76 572
76 573
76 574
76 575
76 576
76 577
76 578
76 579
76 580
76 581
76 582
76 583
76 584
76 585
76 586
76 587
76 588
76 589
76 590
76 591
76 592
76 593
76 594
76 595
76 596
76 597
76 598
76 599
76 600
76 601
76 602
76 603
76 604
76 605
76 606
76 607
76 608
76 609
76 610
76 611
76 612
76 613
76 614
76 615
76 616
76 617
76 618
76 619
76 620
76 621
76 622
76 623
76 624
76 625
76 626
76 627
76 628
76 629
76 630
76 631
76 632
76 633
76 634
76 635
76 636
76 637
76 638
76 639
76 640
76 641
76 642
76 643
76 644
76 645
76 646
76 647
76 648
76 649
76 650
76 651
76 652
76 653
76 654
76 655
76 656
76 657
76 658
76 659
76 660
76 661
76 662
76 663
76 664
76 665
76 666
76 667
76 668
76 669
76 670
76 671
76 672
76 673
76 674
76 675
76 676
76 677
76 681
76 683
76 691
76 763
76 771
76 877
76 878
76 879
76 880
76 881
76 882
76 883
76 884
76 885
76 886
76 887
76 888
76 889
76 890
76 891
76 892
76 893
76 894
76 895
76 896
76 897
76 898
76 899
76 900
76 901
76 902
76 903
76 904
76 905
76 906
76 907
76 908
76 909
76 910
76 911
76 912
76 913
76 914
76 915
76 916
76 917
76 918
76 919
76 920
76 921
76 922
76 923
76 924
76 925
76 926
76 927
76 928
76 929
76 930
76 931
76 932
76 933
76 934
76 935
76 936
76 937
76 938
76 939
76 940
76 941
76 942
76 943
76 944
76 945
76 946
76 947
76 948
76 949
76 950
76 951
76 952
76 953
76 954
76 955
76 956
76 957
76 958
76 959
76 960
76 961
76 962
76 963
76 964
76 965
76 966
76 967
76 968
76 969
76 970
76 971
76 972
76 973
76 974
76 975
76 976
76 977
76 978
76 979
76 980
76 981
76 982
76 983
76 984
76 985
76 986
76 987
76 988
76 989
76 990
76 991
76 992
76 993
76 994
76 995
76 996
76 997
76 998
76 999
76 1000
76 1001
76 1002
76 1003
76 1004
76 1005
76 1006
76 1007
76 1008
76 1009
76 1010
76 1011
76 1012
76 1013
76 1014
76 1015
76 1016
76 1017
76 1018
76 1019
76 1020
76 1021
76 1022
76 1023
76 1024
76 1025
76 1026
76 1027
76 1028
76 1029
76 1030
76 1031
76 1032
76 1033
76 1034
76 1035
76 1036
76 1037
76 1038
76 1039
76 1040
76 1041
76 1042
76 1043
76 1044
76 1045
76 1046
76 1047
76 1048
76 1049
76 1050
76 1051
76 1052
76 1053
76 1054
76 1055
76 1056
76 1057
76 1058
76 1059
76 1060
76 1061
76 1062
76 1063
76 1064
76 1065
76 1066
76 1067
76 1068
76 1069
76 1073
76 1075
76 1077
76 1080
76 1083
76 1085
76 1088
76 1091
76 1100
76 1165
76 1168
76 1171
76 1173
76 1176
76 1179
76 1181
76 1184
76 1187
76 1189
76 1192
76 1195
76 1197
76 1200
76 1203
76 1209
76 1220
76 1284
76 1292
76 1300
76 1308
76 1316
76 1397
76 1401
76 1403
76 1406
76 1409
76 1410
76 1413
76 1417
76 1419
76 1422
76 1425
76 1427
76 1429
76 1434
76 1435
76 1438
76 1441
76 1443
76 1445
76 1450
76 1451
76 1454
76 1457
76 1459
76 1461
76 1466
76 1467
76 1470
76 1473
76 1475
76 1477
76 1482
76 1483
76 1486
76 1493
76 1498
76 1499
76 1502
76 1505
76 1507
76 1509
76 1514
76 1515
76 1517
76 1525
76 1533
76 1541
76 1546
76 1548
76 1549
76 1557
76 1565
76 1573
76 1581
76 1589
76 1594
76 1596
76 1597
76 1602
76 1604
76 1605
76 1610
76 1612
76 1613
76 1621
76 1622
76 1623
76 1624
76 1625
76 1626
76 1627
76 1628
76 1629
76 1630
76 1631
76 1632
76 1633
76 1634
76 1635
76 1636
76 1637
76 1638
76 1639
76 1640
76 1641
76 1642
76 1643
76 1644
76 1645
76 1646
76 1647
76 1648
76 1649
76 1650
76 1651
76 1652
76 1653
76 1654
76 1655
76 1656
76 1657
76 1658
76 1659
76 1660
76 1661
76 1662
76 1663
76 1664
76 1665
76 1666
76 1667
76 1668
76 1669
76 1670
76 1671
76 1672
76 1673
76 1674
76 1675
76 1676
76 1677
76 1686
76 1689
76 1692
76 1693
76 1696
76 1700
76 1702
76 1705
76 1706
76 1709
76 1713
76 1715
76 1722
76 1797
76 1798
76 1799
76 1800
76 1801
76 1802
76 1803
76 1804
76 1805
76 1806
76 1807
76 1808
76 1809
76 1810
76 1811
76 1812
76 1813
76 1814
76 1815
76 1816
76 1817
76 1818
76 1819
76 1820
76 1821
76 1822
76 1823
76 1824
76 1825
76 1826
76 1827
76 1828
76 1829
76 1830
76 1831
76 1832
76 1833
76 1834
76 1835
76 1836
76 1837
76 1838
76 1839
76 1840
76 1841
76 1842
76 1843
76 1844
76 1845
76 1846
76 1847
76 1848
76 1849
76 1850
76 1851
76 1852
76 1853
76 1854
76 1855
76 1856
76 1857
76 1858
76 1859
76 1860
76 1861
76 1862
76 1863
76 1864
76 1865
76 1866
76 1867
76 1868
76 1869
76 1870
76 1871
76 1872
76 1873
76 1874
76 1875
76 1876
76 1877
76 1878
76 1879
76 1880
76 1881
76 1882
76 1883
76 1884
76 1885
76 1886
76 1887
76 1888
76 1889
76 1890
76 1891
76 1892
76 1893
76 1894
76 1895
76 1896
76 1897
76 1898
76 1899
76 1900
76 1901
76 1902
76 1903
76 1904
76 1905
76 1906
76 1907
76 1908
76 1909
76 1910
76 1911
76 1912
76 1913
76 1914
76 1915
76 1916
76 1917
76 1918
76 1919
76 1920
76 1921
76 1922
76 1923
76 1924
76 1925
76 1926
76 1927
76 1928
76 1929
76 1930
76 1931
76 1932
76 1933
76 1934
76 1935
76 1936
76 1937
76 1938
76 1939
76 1940
76 1941
76 1942
76 1943
76 1944
76 1945
76 1946
76 1947
76 1948
76 1949
76 1950
76 1951
76 1952
76 1953
76 1954
76 1955
76 1956
76 1957
76 1958
76 1959
76 1960
76 1961
76 1962
76 1963
76 1964
76 1965
76 1966
76 1967
76 1968
76 1969
76 1970
76 1971
76 1972
76 1973
76 1974
76 1975
76 1976
76 1977
76 1978
76 1979
76 1980
76 1981
76 1982
76 1983
76 1984
76 1985
76 1986
76 1987
76 1988
76 1989
76 1990
76 1991
76 1992
76 1993
76 1994
76 1995
76 1996
76 1997
76 1998
76 1999
76 2000
76 2001
76 2002
76 2003
76 2004
76 2005
76 2006
76 2007
76 2008
76 2009
76 2010
76 2011
76 2012
76 2013
76 2014
76 2015
76 2016
76 2017
76 2018
76 2019
76 2020
76 2021
76 2022
76 2023
76 2024
76 2025
76 2026
76 2027
76 2028
76 2029
76 2033
76 2035
76 2043
76 2093
76 2094
76 2095
76 2096
76 2097
76 2098
76 2099
76 2100
76 2101
76 2102
76 2103
76 2104
76 2105
76 2106
76 2107
76 2108
76 2109
76 2110
76 2111
76 2112
76 2113
76 2114
76 2115
76 2116
76 2117
76 2118
76 2119
76 2120
76 2121
76 2122
76 2123
76 2124
76 2125
76 2126
76 2127
76 2128
76 2129
76 2130
76 2131
76 2132
76 2133
76 2134
76 2135
76 2136
76 2137
76 2138
76 2139
76 2140
76 2141
76 2142
76 2143
76 2144
76 2145
76 2146
76 2147
76 2148
76 2149
76 2150
76 2151
76 2152
76 2153
76 2154
76 2155
76 2156
76 2157
76 2158
76 2159
76 2160
76 2161
76 2162
76 2163
76 2164
76 2165
76 2166
76 2167
76 2168
76 2169
76 2170
76 2171
76 2172
76 2173
76 2174
76 2175
76 2176
76 2177
76 2178
76 2179
76 2180
76 2181
76 2182
76 2183
76 2184
76 2185
76 2186
76 2187
76 2188
76 2189
76 2190
76 2191
76 2192
76 2193
76 2194
76 2195
76 2196
76 2197
76 2198
76 2199
76 2200
76 2201
76 2202
76 2203
76 2204
76 2205
76 2206
76 2207
76 2208
76 2209
76 2210
76 2211
76 2212
76 2213
76 2214
76 2215
76 2216
76 2217
76 2218
76 2219
76 2220
76 2221
76 2222
76 2223
76 2224
76 2225
76 2226
76 2227
76 2228
76 2229
76 2230
76 2231
76 2232
76 2233
76 2234
76 2235
76 2236
76 2237
76 2238
76 2239
76 2240
76 2241
76 2242
76 2243
76 2244
76 2245
76 2246
76 2247
76 2248
76 2249
76 2250
76 2251
76 2252
76 2253
76 2254
76 2255
76 2256
76 2257
76 2258
76 2259
76 2260
76 2262
76 2265
76 2267
76 2272
76 2283
76 2291
76 2459
76 2467
76 2499
76 2580
76 2644
76 2652
76 2660
76 2668
76 2670
76 2673
76 2675
76 2677
76 2680
76 2683
76 2686
76 2689
76 2691
76 2693
76 2696
76 2699
76 2702
76 2705
76 2707
76 2709
76 2712
76 2715
76 2718
76 2721
76 2723
76 2725
76 2728
76 2731
76 2734
76 2737
76 2739
76 2741
76 2744
76 2747
76 2750
76 2753
76 2755
76 2757
76 2760
76 2763
76 2766
76 2769
76 2771
76 2774
76 2777
76 2779
76 2782
76 2785
76 2787
76 2790
76 2793
76 2795
76 2798
76 2801
76 2803
76 2806
76 2809
76 2811
76 2814
76 2817
76 2819
76 2822
76 2825
76 2827
76 2830
76 2833
76 2835
76 2838
76 2846
76 2854
76 2862
76 2870
76 2878
76 2886
76 2889
76 2891
76 2894
76 2902
76 2912
76 3036
76 3044
76 3052
76 3060
76 3068
76 3076
76 3084
76 3092
76 3211
76 3219
76 3227
76 3235
76 3243
76 3254
76 3256
76 3258
76 3262
76 3264
76 3266
76 3270
76 3272
76 3274
76 3278
76 3280
76 3282
76 3286
76 3288
76 3290
76 3296
76 3304
76 3310
76 3318
76 3320
76 3322
76 3326
76 3328
76 3330
76 3334
76 3336
76 3338
76 3342
76 3344
76 3346
76 3350
76 3352
76 3354
76 3358
76 3360
76 3362
76 3366
76 3368
76 3370
76 3374
76 3376
76 3378
76 3382
76 3384
76 3386
76 3390
76 3392
76 3394
76 3398
76 3400
76 3402
76 3411
76 3459
76 3467
76 3553
76 3554
76 3555
76 3556
76 3557
76 3558
76 3559
76 3560
76 3561
76 3562
76 3563
76 3564
76 3565
76 3566
76 3567
76 3568
76 3569
76 3570
76 3571
76 3572
76 3573
76 3574
76 3575
76 3576
76 3577
76 3578
76 3579
76 3580
76 3581
76 3582
76 3583
76 3584
76 3585
76 3586
76 3587
76 3588
76 3589
76 3590
76 3591
76 3592
76 3593
76 3594
76 3595
76 3596
76 3597
76 3598
76 3599
76 3600
76 3601
76 3602
76 3603
76 3604
76 3605
76 3606
76 3607
76 3608
76 3609
76 3610
76 3611
76 3612
76 3613
76 3614
76 3615
76 3616
76 3617
76 3618
76 3619
76 3620
76 3621
76 3622
76 3623
76 3624
76 3625
76 3626
76 3627
76 3628
76 3629
76 3630
76 3631
76 3632
76 3633
76 3634
76 3635
76 3636
76 3637
76 3638
76 3639
76 3640
76 3641
76 3642
76 3643
76 3644
76 3645
76 3646
76 3647
76 3648
76 3649
76 3650
76 3651
76 3652
76 3653
76 3654
76 3655
76 3656
76 3657
76 3658
76 3659
76 3660
76 3661
76 3662
76 3663
76 3664
76 3665
76 3666
76 3667
76 3668
76 3669
76 3670
76 3671
76 3672
76 3673
76 3674
76 3675
76 3676
76 3677
76 3678
76 3679
76 3680
76 3681
76 3682
76 3683
76 3684
76 3685
76 3686
76 3687
76 3688
76 3689
76 3690
76 3691
76 3692
76 3693
76 3694
76 3695
76 3696
76 3697
76 3698
76 3699
76 3700
76 3701
76 3702
76 3703
76 3704
76 3705
76 3708
76 3712
76 3714
76 3717
76 3719
76 3727
76 3735
76 3743
76 3751
76 3759
76 3767
76 3775
76 3783
76 3791
76 3797
76 3805
76 3813
76 3821
76 3829
76 3837
76 3845
76 3853
76 3912
76 3920
76 4140
76 4148
76 4156
76 4164
76 4172
76 4180
76 4191
76 4199
76 4239
76 4247
76 4255
76 4263
76 4519
76 4527
76 4535
76 4543
76 4551
76 4609
76 4610
76 4611
76 4612
76 4613
76 4614
76 4615
76 4616
76 4617
76 4618
76 4619
76 4620
76 4621
76 4622
76 4623
76 4624
76 4625
76 4626
76 4627
76 4628
76 4629
76 4630
76 4631
76 4632
76 4633
76 4634
76 4635
76 4636
76 4637
76 4638
76 4639
76 4640
76 4641
76 4642
76 4643
76 4644
76 4645
76 4646
76 4647
76 4648
76 4649
76 4650
76 4651
76 4652
76 4653
76 4654
76 4655
76 4656
76 4658
76 4660
76 4664
76 4666
76 4669
76 4672
76 4674
76 4677
76 4680
76 4688
76 4704
76 4712
76 4720
76 4743
76 4770
76 4773
76 4775
76 4777
76 4780
76 4783
76 4786
76 4789
76 4791
76 4793
76 4796
76 4799
76 4802
76 4805
76 4807
76 4809
76 4812
76 4815
76 4823
76 4831
76 4839
76 4847
76 4855
76 4863
76 4866
76 4873
76 4876
76 4879
76 4882
76 4885
76 4887
76 4889
76 4892
76 4895
76 4897
76 4900
76 4903
76 4905
76 4908
76 4911
76 4913
76 4916
76 4919
76 4921
76 4924
76 4927
76 4929
76 4932
76 4935
76 4937
76 4940
76 4943
76 4945
76 4948
76 4951
76 4956
81 89
81 95
81 97
81 103
81 105
81 111
81 113
81 119
81 121
81 127
81 129
81 135
81 137
81 143
81 145
81 151
81 153
81 159
81 161
81 167
81 169
81 175
81 177
81 183
81 185
81 191
82 90
82 94
82 98
82 102
82 106
82 110
82 114
82 118
82 122
82 126
82 130
82 134
82 138
82 142
82 146
82 150
82 154
82 158
82 162
82 166
82 170
82 174
82 178
82 182
82 186
82 190
86 198
87 199
193 201
193 207
193 209
193 215
193 217
193 222
193 225
193 233
193 241
193 246
193 249
193 254
193 257
193 262
193 265
193 274
194 202
194 206
194 210
194 214
194 218
194 221
227 228
234 242
234 245
234 250
234 253
234 258
234 261
235 236
235 243
235 244
235 247
235 251
235 252
235 255
235 259
235 260
235 263
266 278
267 268
267 280
273 282
273 285
275 276
281 286
281 290
283 284
283 288
289 298
291 292
297 306
299 300
307 308
307 315
307 320
307 323
307 328
307 331
307 336
307 339
307 344
307 347
307 352
307 355
307 360
307 363
307 368
371 372
434 435
434 436
434 442
434 445
434 450
434 458
434 466
434 474
434 482
434 490
434 498
437 439
438 440
441 444
443 446
443 448
451 454
459 462
467 470
475 478
483 486
491 494
499 502
507 508
507 511
507 516
507 519
507 524
507 527
507 532
507 535
507 540
507 543
507 548
507 551
507 556
678 679
678 680
678 682
678 684
678 686
678 689
678 694
678 702
678 710
678 718
678 726
678 734
678 742
678 750
678 758
678 761
678 766
678 769
678 774
678 784
678 1166
678 1167
678 1169
678 1170
678 1172
678 1174
678 1175
678 1177
678 1178
678 1180
678 1182
678 1183
678 1185
678 1186
678 1188
678 1190
678 1191
678 1193
678 1194
678 1196
678 1198
678 1199
678 1201
678 1202
678 1204
678 1205
678 1211
685 688
687 690
687 692
695 698
703 706
711 714
719 722
727 730
735 738
743 746
749 757
749 760
749 765
749 768
749 776
749 782
751 754
751 759
751 762
751 764
751 767
751 770
751 772
751 780
751 786
751 1271
751 1274
751 1279
751 1282
751 1283
751 1287
751 1290
751 1291
751 1295
751 1298
751 1299
751 1303
751 1306
751 1307
773 785
775 778
775 783
775 788
775 791
775 796
775 799
775 804
775 807
775 812
775 815
775 820
775 823
775 828
775 831
775 836
775 839
775 844
775 847
775 852
775 855
775 860
775 863
775 868
775 871
775 876
775 1311
775 1314
775 1315
777 781
779 787
845 861
846 862
853 869
854 870
856 872
857 873
858 866
858 874
859 867
859 875
1070 1071
1070 1072
1070 1074
1070 1076
1070 1078
1070 1079
1070 1081
1070 1082
1070 1084
1070 1086
1070 1087
1070 1089
1070 1090
1070 1092
1070 1093
1070 1096
1094 1097
1094 1101
1095 1098
1095 1099
1102 1109
1103 1106
1110 1117
1111 1114
1118 1125
1119 1122
1126 1133
1127 1130
1134 1141
1135 1138
1142 1149
1143 1146
1150 1157
1151 1154
1159 1162
1206 1212
1206 1213
1206 1216
1207 1208
1207 1210
1214 1217
1214 1221
1215 1218
1215 1219
1222 1229
1223 1226
1230 1237
1231 1234
1238 1245
1239 1242
1246 1253
1247 1250
1254 1261
1255 1258
1262 1269
1262 1278
1262 1281
1262 1285
1262 1288
1262 1294
1262 1297
1262 1301
1262 1304
1263 1266
1270 1277
1270 1280
1270 1286
1270 1289
1270 1293
1270 1296
1270 1302
1270 1305
1270 1309
1270 1312
1310 1313
1317 1325
1317 1333
1317 1347
1319 1320
1327 1328
1334 1346
1335 1336
1335 1343
1335 1348
1335 1351
1335 1356
1335 1359
1335 1364
1335 1367
1335 1372
1335 1375
1335 1380
1335 1383
1335 1388
1335 1391
1335 1396
1398 1399
1398 1400
1398 1402
1398 1404
1398 1405
1398 1407
1398 1408
1398 1411
1398 1412
1398 1414
1398 1415
1398 1416
1398 1418
1398 1420
1398 1421
1398 1423
1398 1424
1398 1426
1398 1428
1398 1430
1398 1431
1398 1432
1398 1433
1398 1436
1398 1437
1398 1439
1398 1440
1398 1442
1398 1444
1398 1446
1398 1447
1398 1448
1398 1449
1398 1452
1398 1453
1398 1455
1398 1456
1398 1458
1398 1460
1398 1462
1398 1463
1398 1464
1398 1465
1398 1468
1398 1469
1398 1471
1398 1472
1398 1474
1398 1476
1398 1478
1398 1479
1398 1480
1398 1481
1398 1484
1398 1490
1398 1492
1485 1487
1485 1488
1485 1494
1485 1495
1485 1496
1485 1497
1485 1500
1485 1501
1485 1503
1485 1504
1485 1506
1485 1508
1485 1510
1485 1511
1485 1512
1485 1513
1485 1516
1485 1521
1485 1523
1489 1491
1518 1519
1518 1520
1522 1524
1526 1527
1526 1528
1529 1531
1530 1532
1534 1535
1534 1536
1534 1542
1534 1543
1534 1544
1534 1545
1534 1547
1537 1539
1538 1540
1550 1551
1550 1552
1550 1561
1550 1563
1553 1555
1554 1556
1558 1559
1558 1560
1562 1564
1566 1567
1566 1568
1566 1577
1566 1579
1569 1571
1570 1572
1574 1575
1574 1576
1578 1580
1582 1583
1582 1584
1582 1590
1582 1591
1582 1592
1582 1593
1582 1595
1582 1598
1582 1599
1582 1600
1582 1601
1582 1603
1582 1606
1582 1607
1582 1608
1582 1609
1582 1611
1582 1617
1582 1619
1585 1587
1586 1588
1614 1615
1614 1616
1618 1620
1678 1679
1678 1682
1678 1685
1678 1687
1678 1688
1678 1690
1678 1691
1680 1684
1681 1683
1694 1695
1694 1697
1694 1698
1694 1699
1694 1701
1694 1703
1694 1704
1694 1707
1694 1708
1694 1710
1694 1711
1694 1712
1694 1714
1694 1716
1694 1719
1694 1723
1694 1724
1694 1727
1694 1732
1694 1735
1694 1740
1694 1743
1694 1748
1717 1720
1718 1721
1741 1750
1749 1758
1751 1752
1757 1766
1759 1760
1767 1768
1767 1775
1767 1780
1767 1783
1767 1788
1767 1791
1767 1796
2030 2031
2030 2032
2030 2034
2030 2036
2030 2038
2030 2041
2030 2046
2030 2054
2030 2062
2030 2070
2030 2078
2030 2086
2037 2040
2039 2042
2039 2044
2047 2050
2055 2058
2063 2066
2071 2074
2079 2082
2087 2090
2261 2263
2261 2264
2261 2266
2261 2268
2261 2271
2261 2273
2261 2276
2261 2279
2261 2282
2261 2284
2261 2287
2261 2290
2261 2292
2269 2275
2269 2278
2269 2281
2269 2285
2269 2288
2270 2274
2270 2277
2270 2280
2270 2286
2270 2289
2270 2293
2294 2301
2295 2298
2302 2309
2303 2306
2310 2317
2311 2314
2318 2325
2319 2322
2326 2333
2327 2330
2334 2341
2335 2338
2342 2349
2343 2346
2351 2354
2351 2359
2351 2364
2351 2367
2351 2372
2351 2375
2351 2380
2351 2383
2351 2388
2391 2396
2391 2399
2391 2404
2391 2407
2391 2412
2391 2415
2391 2420
2391 2423
2391 2428
2391 2431
2391 2436
2391 2439
2391 2444
2445 2454
2445 2457
2445 2461
2445 2464
2446 2453
2446 2456
2446 2462
2446 2465
2447 2452
2447 2455
2447 2458
2447 2460
2447 2463
2447 2466
2447 2468
2447 2471
2447 2476
2447 2479
2447 2484
2447 2487
2447 2492
2447 2495
2447 2498
2447 2500
2447 2503
2447 2508
2447 2511
2447 2516
2447 2519
2447 2524
2447 2527
2447 2532
2447 2535
2447 2540
2447 2543
2447 2548
2485 2494
2485 2497
2486 2493
2486 2496
2501 2517
2501 2533
2502 2518
2502 2534
2509 2525
2509 2541
2510 2526
2510 2542
2510 2550
2510 2558
2510 2566
2512 2528
2512 2544
2513 2529
2513 2545
2514 2522
2514 2530
2514 2538
2514 2546
2515 2523
2515 2531
2515 2539
2515 2547
2520 2536
2521 2537
2551 2554
2559 2562
2567 2570
2573 2576
2574 2577
2574 2581
2575 2578
2575 2579
2582 2589
2583 2586
2590 2597
2591 2594
2598 2605
2599 2602
2606 2613
2607 2610
2614 2621
2615 2618
2622 2629
2622 2638
2622 2641
2622 2645
2622 2648
2622 2654
2622 2657
2622 2661
2622 2664
2623 2626
2630 2637
2630 2640
2630 2646
2630 2649
2630 2653
2630 2656
2631 2634
2631 2639
2631 2642
2631 2643
2631 2647
2631 2650
2631 2651
2631 2655
2631 2658
2631 2659
2662 2665
2663 2666
2663 2667
2669 2671
2669 2672
2669 2674
2669 2676
2669 2678
2669 2679
2669 2681
2669 2682
2669 2684
2669 2685
2669 2687
2669 2688
2669 2690
2669 2692
2669 2694
2669 2695
2669 2697
2669 2698
2669 2700
2669 2701
2669 2703
2669 2704
2669 2706
2669 2708
2669 2710
2669 2711
2669 2713
2669 2714
2669 2716
2669 2717
2669 2719
2669 2720
2669 2722
2669 2724
2669 2726
2669 2727
2669 2729
2669 2730
2669 2732
2669 2733
2669 2735
2669 2736
2669 2738
2669 2740
2669 2742
2669 2743
2669 2745
2669 2746
2669 2748
2669 2749
2669 2751
2669 2752
2669 2754
2669 2756
2669 2758
2669 2759
2669 2761
2669 2762
2669 2764
2669 2765
2669 2767
2669 2768
2669 2770
2669 2772
2773 2775
2773 2776
2773 2778
2773 2780
2773 2781
2773 2783
2773 2784
2773 2786
2773 2788
2773 2789
2773 2791
2773 2792
2773 2794
2773 2796
2773 2797
2773 2799
2773 2800
2773 2802
2773 2804
2773 2805
2773 2807
2773 2808
2773 2810
2773 2812
2773 2813
2773 2815
2773 2816
2773 2818
2773 2820
2773 2821
2773 2823
2773 2824
2773 2826
2773 2828
2773 2829
2773 2831
2773 2832
2773 2834
2773 2836
2837 2839
2837 2842
2837 2848
2837 2852
2840 2844
2841 2843
2845 2847
2845 2850
2845 2856
2845 2860
2849 2851
2853 2855
2853 2858
2853 2864
2853 2868
2857 2859
2861 2863
2861 2866
2861 2872
2861 2876
2865 2867
2869 2871
2869 2874
2869 2880
2869 2884
2873 2875
2877 2879
2877 2882
2877 2885
2877 2887
2877 2888
2877 2890
2877 2892
2877 2896
2877 2900
2881 2883
2893 2895
2893 2898
2893 2904
2893 2908
2897 2899
2901 2903
2901 2906
2901 2911
2901 2913
2901 2916
2901 2919
2901 2924
2901 2927
2901 2932
2901 2935
2901 2940
2901 2943
2901 2948
2901 2951
2901 2956
2901 2959
2901 2964
2901 2967
2901 2972
2901 2975
2901 2980
2905 2907
2909 2915
2910 2914
2981 2989
2981 2997
2981 3005
2981 3013
2981 3021
2981 3029
2981 3034
2981 3037
2981 3042
2981 3045
2981 3050
2981 3053
2981 3058
2981 3061
2981 3066
2981 3069
2981 3074
2981 3077
2981 3082
2981 3085
2981 3090
2981 3093
2981 3106
2983 2984
2991 2992
2999 3000
3007 3008
3015 3016
3022 3030
3022 3033
3022 3038
3022 3041
3022 3046
3022 3049
3022 3054
3022 3057
3022 3062
3022 3065
3022 3070
3022 3073
3022 3078
3022 3081
3022 3086
3022 3089
3022 3097
3023 3024
3023 3031
3023 3032
3023 3035
3023 3039
3023 3040
3023 3043
3023 3047
3023 3048
3023 3051
3023 3055
3023 3056
3023 3059
3023 3063
3023 3064
3023 3067
3023 3071
3023 3072
3023 3075
3023 3079
3023 3080
3023 3083
3023 3087
3023 3088
3023 3091
3023 3099
3094 3107
3159 3162
3167 3170
3175 3178
3183 3186
3191 3194
3197 3205
3197 3208
3197 3213
3197 3216
3197 3221
3197 3224
3197 3229
3197 3232
3197 3237
3197 3240
3197 3248
3199 3202
3199 3207
3199 3210
3199 3212
3199 3215
3199 3218
3199 3220
3199 3223
3199 3226
3199 3228
3199 3231
3199 3234
3199 3236
3199 3239
3199 3242
3199 3244
3199 3252
3253 3255
3253 3257
3253 3259
3253 3260
3253 3261
3253 3263
3253 3265
3253 3267
3253 3268
3253 3269
3253 3271
3253 3273
3253 3275
3253 3276
3253 3277
3253 3279
3253 3281
3253 3283
3253 3284
3253 3285
3253 3287
3253 3289
3253 3291
3253 3292
3253 3295
3253 3297
3253 3300
3253 3303
3253 3305
3253 3308
3253 3309
3253 3311
3253 3316
3253 3317
3253 3319
3253 3321
3253 3323
3253 3324
3253 3325
3253 3327
3253 3329
3253 3331
3253 3332
3253 3333
3253 3335
3253 3337
3253 3339
3253 3340
3253 3341
3253 3343
3253 3345
3253 3347
3253 3348
3253 3349
3253 3351
3253 3353
3253 3355
3253 3356
3253 3357
3253 3359
3253 3361
3253 3363
3253 3364
3253 3365
3253 3367
3253 3369
3253 3371
3253 3372
3253 3373
3253 3375
3253 3377
3253 3379
3253 3380
3253 3381
3253 3383
3253 3385
3253 3387
3253 3388
3253 3389
3253 3391
3253 3393
3253 3395
3253 3396
3253 3397
3253 3399
3253 3401
3253 3403
3253 3404
3253 3406
3253 3409
3293 3299
3293 3301
3293 3307
3293 3313
3293 3315
3294 3298
3294 3302
3294 3306
3294 3312
3294 3314
3405 3410
3405 3414
3407 3408
3407 3412
3413 3422
3415 3416
3421 3430
3423 3424
3429 3438
3431 3432
3437 3446
3437 3453
3437 3458
3437 3462
3437 3465
3439 3440
3445 3454
3445 3457
3447 3448
3447 3455
3447 3456
3447 3460
3461 3466
3706 3707
3706 3709
3706 3710
3706 3711
3706 3713
3706 3715
3706 3716
3706 3718
3706 3720
3706 3722
3706 3725
3706 3729
3706 3734
3706 3738
3706 3741
3706 3745
3706 3750
3706 3754
3706 3757
3706 3761
3706 3766
3706 3770
3706 3773
3706 3777
3706 3782
3706 3786
3706 3789
3706 3793
3706 3799
3706 3802
3706 3806
3706 3809
3706 3815
3706 3818
3706 3822
3706 3825
3706 3831
3706 3834
3706 3838
3706 3841
3706 3847
3706 3850
3706 3854
3706 3861
3723 3724
3723 3728
3723 3731
3723 3732
3723 3736
3723 3739
3723 3740
3723 3744
3723 3747
3723 3748
3723 3752
3723 3755
3723 3756
3723 3760
3723 3763
3723 3764
3723 3768
3723 3771
3723 3772
3723 3776
3723 3779
3723 3780
3723 3784
3723 3787
3723 3788
3723 3792
3723 3795
3723 3796
3723 3800
3723 3803
3723 3804
3723 3808
3723 3811
3723 3812
3723 3816
3723 3819
3723 3820
3723 3824
3723 3827
3723 3828
3723 3832
3723 3835
3723 3836
3723 3840
3723 3843
3723 3844
3723 3848
3723 3851
3723 3852
3723 3856
3723 3863
3859 3860
3867 3868
3874 3885
3875 3876
3875 3887
3883 3884
3891 3892
3898 3906
3898 3909
3898 3914
3898 3917
3898 3925
3899 3900
3899 3907
3899 3908
3899 3911
3899 3915
3899 3916
3899 3919
3899 3927
3993 4009
3994 4010
3996 4004
3996 4012
3996 4020
3997 4005
3997 4013
3997 4021
3998 4014
3999 4015
4006 4022
4007 4023
4073 4089
4073 4105
4073 4121
4074 4090
4074 4106
4074 4122
4076 4084
4076 4092
4076 4100
4076 4108
4076 4116
4076 4124
4076 4132
4077 4085
4077 4093
4077 4101
4077 4109
4077 4117
4077 4125
4077 4133
4078 4094
4078 4110
4078 4126
4079 4095
4079 4111
4079 4127
4086 4102
4086 4118
4086 4134
4087 4103
4087 4119
4087 4135
4137 4143
4137 4145
4137 4151
4137 4153
4137 4159
4137 4161
4137 4167
4137 4169
4137 4175
4137 4177
4137 4183
4137 4186
4137 4189
4137 4193
4137 4198
4137 4202
4138 4142
4138 4146
4138 4150
4138 4154
4138 4158
4138 4162
4138 4166
4138 4170
4138 4174
4138 4178
4138 4182
4138 4185
4138 4190
4138 4194
4138 4197
4139 4141
4139 4144
4139 4147
4139 4149
4139 4152
4139 4155
4139 4157
4139 4160
4139 4163
4139 4165
4139 4168
4139 4171
4139 4173
4139 4176
4139 4179
4139 4181
4139 4184
4139 4187
4139 4188
4139 4192
4139 4195
4139 4196
4139 4200
4201 4210
4203 4204
4209 4218
4211 4212
4217 4226
4217 4233
4217 4238
4217 4242
4217 4245
4217 4249
4217 4254
4217 4258
4217 4261
4219 4220
4225 4234
4225 4237
4225 4241
4225 4246
4225 4250
4225 4253
4227 4228
4227 4235
4227 4236
4227 4240
4227 4243
4227 4244
4227 4248
4227 4251
4227 4252
4227 4256
4257 4262
4257 4265
4257 4273
4259 4260
4259 4264
4267 4268
4334 4342
4335 4343
4370 4377
4371 4374
4378 4385
4379 4382
4386 4393
4387 4390
4395 4398
4409 4418
4411 4412
4417 4426
4419 4420
4425 4434
4427 4428
4433 4442
4435 4436
4441 4450
4443 4444
4451 4452
4465 4474
4467 4468
4473 4482
4475 4476
4481 4490
4483 4484
4489 4498
4491 4492
4497 4506
4497 4513
4497 4518
4497 4522
4497 4525
4497 4529
4497 4534
4497 4538
4497 4541
4499 4500
4505 4514
4505 4517
4505 4521
4505 4526
4505 4530
4505 4533
4505 4537
4505 4542
4505 4546
4505 4549
4507 4508
4507 4515
4507 4516
4507 4520
4507 4523
4507 4524
4507 4528
4507 4531
4507 4532
4507 4536
4507 4539
4507 4540
4507 4544
4545 4550
4657 4659
4657 4661
4657 4662
4657 4663
4657 4665
4657 4667
4657 4668
4657 4670
4657 4671
4657 4673
4657 4675
4657 4676
4657 4678
4657 4679
4657 4681
4657 4686
4657 4689
4657 4697
4657 4702
4657 4705
4657 4710
4657 4713
4657 4718
4657 4721
4657 4730
4682 4685
4683 4684
4683 4687
4690 4698
4690 4701
4690 4706
4690 4709
4690 4714
4690 4717
4690 4725
4691 4692
4691 4699
4691 4700
4691 4703
4691 4707
4691 4708
4691 4711
4691 4715
4691 4716
4691 4719
4691 4727
4722 4734
4723 4724
4723 4736
4729 4738
4729 4741
4731 4732
4737 4742
4737 4746
4739 4740
4739 4744
4745 4754
4747 4748
4755 4756
4817 4820
4817 4826
4817 4829
4817 4833
4817 4836
4817 4842
4817 4845
4817 4849
4817 4852
4817 4858
4817 4861
4817 4868
4817 4870
4818 4821
4818 4825
4818 4828
4818 4834
4818 4837
4818 4841
4818 4844
4818 4850
4818 4853
4818 4857
4818 4860
4818 4869
4818 4871
4953 4959
4953 4964
4955 4957
4955 4958
4955 4968
4961 4972
4963 4966
4963 4976
4969 4980
4971 4974
4971 4984
4977 4988
4979 4982
4979 4992
4985 4996
4987 4990
4987 5000
4993 5004
4995 4998
4995 5008
